id,time,taxi_count,queue_length,min_coordinate,max_coordinate,day_type
1,00.00.00,33,105.83963526846732,"1.36048, 103.98855","1.36137, 103.9889",weekday
2,00.01.00,42,368.4907123830626,"1.35807, 103.98862","1.36139283333333, 103.988872",weekday
3,00.02.00,23,112.6490206485725,"1.36041, 103.9884","1.36129, 103.98891",weekday
4,00.03.00,10,25.904480097674462,"1.36107, 103.98884","1.36129, 103.98892",weekday
5,00.04.00,24,106.86855623875859,"1.36044, 103.98855","1.36134, 103.9889",weekday
6,00.05.00,30,97.71859744747472,"1.36058, 103.98846","1.36132, 103.98894",weekday
7,00.06.00,16,49.957431503776306,"1.36094, 103.98893","1.36139, 103.98889",weekday
8,00.07.00,19,55.09969168881118,"1.36089, 103.98895","1.36138, 103.98886",weekday
9,00.08.00,20,61.26361642493205,"1.36081, 103.98876","1.36133, 103.98895",weekday
10,00.09.00,31,107.50226261039874,"1.36043, 103.98859","1.36134, 103.98893",weekday
11,00.10.00,34,98.04721036903294,"1.36049, 103.98855","1.36132, 103.98886",weekday
12,00.11.00,41,472.90215323105826,"1.3571, 103.98817","1.36132, 103.98886",weekday
13,00.12.00,16,51.0588770079426,"1.36081, 103.98879","1.36127, 103.98883",weekday
14,00.13.00,31,99.81905780700122,"1.3605, 103.98859","1.36138, 103.98879",weekday
15,00.14.00,35,120.98504687667979,"1.36030416666667, 103.988549833333","1.36134, 103.9889",weekday
16,00.15.00,36,577.6913993912931,"1.35616, 103.98777","1.36125, 103.98894",weekday
17,00.16.00,44,217.97180882432386,"1.35931, 103.98886","1.36128, 103.98893",weekday
18,00.17.00,39,157.97190783888743,"1.36015, 103.98834","1.36144, 103.98895",weekday
19,00.18.00,35,115.30978466890936,"1.36046, 103.98841","1.36135, 103.98895",weekday
20,00.19.00,43,527.3068920445407,"1.35662, 103.98794","1.3613, 103.98885",weekday
21,00.20.00,27,122.2826041481357,"1.36047, 103.98854","1.3615, 103.98894",weekday
22,00.21.00,22,103.06442811418007,"1.36014, 103.9883","1.36099, 103.98868",weekday
23,00.22.00,36,380.55011651461916,"1.35796, 103.98859","1.36139191666667, 103.9888458",weekday
24,00.23.00,23,103.18941356326427,"1.36046, 103.98854","1.36132, 103.9889",weekday
25,00.24.00,37,419.86473085004934,"1.35776, 103.9885","1.36153, 103.98895",weekday
26,00.25.00,19,101.69825622295889,"1.36070866666667, 103.988530833333","1.36155, 103.9889",weekday
27,00.26.00,19,107.85870475645918,"1.36058, 103.98841","1.36139, 103.98895",weekday
28,00.27.00,12,34.29628053141802,"1.36111, 103.98883","1.36142, 103.98882",weekday
29,00.28.00,20,53.65861824643305,"1.36095, 103.98869","1.36142, 103.98881",weekday
30,00.29.00,31,114.18395996431012,"1.36045111666667, 103.988455066667","1.36142, 103.98881",weekday
31,00.30.00,20,480.90200580886005,"1.35716, 103.98819","1.36145, 103.9889",weekday
32,00.31.00,18,127.75283953300901,"1.36041, 103.9884","1.36145, 103.9889",weekday
33,00.32.00,9,29.225394917677384,"1.36104, 103.98882","1.36128, 103.98893",weekday
34,00.33.00,24,114.88167697997115,"1.36042, 103.98853","1.36142, 103.98881",weekday
35,00.34.00,21,186.76831032763747,"1.35969, 103.98861","1.36135, 103.98892",weekday
36,00.35.00,15,55.94993106144546,"1.36084, 103.98864","1.36127266666667, 103.988900666667",weekday
37,00.36.00,18,99.63988439089749,"1.36049333333333, 103.988593666667","1.36132, 103.98895",weekday
38,00.37.00,21,120.48573070481186,"1.36044, 103.9884","1.36144, 103.98883",weekday
39,00.38.00,13,71.74320110476624,"1.36083, 103.98876","1.36145, 103.98895",weekday
40,00.39.00,13,37.61193473486033,"1.36108, 103.98885","1.36142, 103.98886",weekday
41,00.40.00,10,26.537976591218595,"1.36115, 103.98889","1.36139, 103.98889",weekday
42,00.41.00,12,37.66129523310226,"1.36105, 103.98893","1.36139, 103.98895",weekday
43,00.42.00,17,49.737986010842775,"1.36092, 103.98875","1.36134, 103.98891",weekday
44,00.43.00,20,263.2529625890136,"1.35901, 103.98895","1.36139, 103.98889",weekday
45,00.44.00,11,44.82808445253519,"1.36103, 103.9888","1.36142, 103.98891",weekday
46,00.45.00,16,108.43635542907917,"1.36051, 103.98852","1.36139, 103.98895",weekday
47,00.46.00,17,107.47266567805185,"1.36043, 103.9885","1.36131, 103.98891",weekday
48,00.47.00,0,0,0,0,weekday
49,00.48.00,19,174.94799227161187,"1.359773, 103.9885185","1.3613, 103.98893",weekday
50,00.49.00,7,35.86119092568777,"1.36077233333333, 103.988669666667","1.36109116666667, 103.988728666667",weekday
51,00.50.00,8,26.09882774424447,"1.36116, 103.98888","1.36139106666667, 103.988927833333",weekday
52,00.51.00,10,30.444235291940334,"1.36107, 103.98881","1.36133, 103.9889",weekday
53,00.52.00,8,24.415211256626957,"1.36042, 103.98841","1.36059, 103.98855",weekday
54,00.53.00,21,109.46053220220402,"1.36041, 103.98852","1.36137, 103.98876",weekday
55,00.54.00,8,18.797733425808453,"1.36123, 103.98892","1.3614, 103.98892",weekday
56,00.55.00,19,96.21264769897569,"1.3606, 103.98858","1.3614, 103.98892",weekday
57,00.56.00,14,56.554350792524396,"1.36098, 103.98863","1.3614, 103.98892",weekday
58,00.57.00,31,126.38551134498191,"1.3604, 103.98837","1.3614, 103.98892",weekday
59,00.58.00,32,98.8292398451267,"1.36047783333333, 103.988586","1.36131, 103.98891",weekday
60,00.59.00,17,71.48487989070223,"1.36077538333333, 103.988851216667","1.36142, 103.9889",weekday
61,01.00.00,11,23.459515197027134,"1.36115, 103.98883","1.36136, 103.98886",weekday
62,01.01.00,30,187.52097668815213,"1.35971, 103.98861","1.36139, 103.98884",weekday
63,01.02.00,29,96.58816132684434,"1.36054, 103.98864","1.36139, 103.98884",weekday
64,01.03.00,38,122.2826040322759,"1.36049, 103.98855","1.36152, 103.98895",weekday
65,01.04.00,42,242.1820484018328,"1.35923, 103.98891","1.36142, 103.98888",weekday
66,01.05.00,63,351.9731933284492,"1.35824, 103.98872","1.36142, 103.98886",weekday
67,01.06.00,65,374.78494223433523,"1.35809, 103.98859","1.36146, 103.98895",weekday
68,01.07.00,48,337.43701507781395,"1.35812, 103.98866","1.36117, 103.98876",weekday
69,01.08.00,55,524.5031075086113,"1.3568, 103.98803","1.36146, 103.98891",weekday
70,01.09.00,40,237.2183768822703,"1.35911, 103.98895","1.36125, 103.9888",weekday
71,01.10.00,41,198.62660473561363,"1.359601, 103.988672833333","1.36138, 103.98892",weekday
72,01.11.00,63,562.3702042858238,"1.356523, 103.98791","1.3615, 103.98895",weekday
73,01.12.00,44,369.5615413100988,"1.35797, 103.98859","1.36131, 103.98871",weekday
74,01.13.00,45,588.3941315461312,"1.35615, 103.98772","1.36133, 103.98893",weekday
75,01.14.00,43,365.3202147450445,"1.35808, 103.98864","1.36137, 103.98894",weekday
76,01.15.00,41,521.0150150965638,"1.35681, 103.98801","1.36143, 103.98893",weekday
77,01.16.00,41,521.0150150965638,"1.35681, 103.98801","1.36143, 103.98893",weekday
78,01.17.00,34,566.8009007723364,"1.3562, 103.98782","1.36124266666667, 103.988734333333",weekday
79,01.18.00,47,300.7657905564884,"1.35868, 103.98889","1.3614, 103.9889",weekday
80,01.19.00,25,82.97324928038421,"1.36045, 103.98858","1.36117, 103.98879",weekday
81,01.20.00,46,474.2294110431999,"1.35719, 103.98819","1.36141, 103.98895",weekday
82,01.21.00,32,314.0406072745955,"1.35855, 103.98884","1.36139, 103.98886",weekday
83,01.22.00,46,505.5287589432582,"1.3568, 103.98801","1.36130033333333, 103.988810166667",weekday
84,01.23.00,49,361.37220542486983,"1.35802033333333, 103.988638666667","1.361286, 103.9887645",weekday
85,01.24.00,48,379.0101092361284,"1.35814, 103.98867","1.361563, 103.988847",weekday
86,01.25.00,51,498.01398138195736,"1.35696, 103.98808","1.36141, 103.98877",weekday
87,01.26.00,45,479.1834462454457,"1.35713, 103.98816","1.36139, 103.98895",weekday
88,01.27.00,33,127.27820933554834,"1.36044, 103.9884","1.36146, 103.98893",weekday
89,01.28.00,30,101.52251101600737,"1.36051, 103.98855","1.36134, 103.98894",weekday
90,01.29.00,28,77.779731497162,"1.36065, 103.98855","1.36129, 103.98884",weekday
91,01.30.00,30,105.8062647259983,"1.36042, 103.98839","1.36124, 103.98888",weekday
92,01.31.00,29,107.00492797198181,"1.36047, 103.98855","1.36135, 103.98895",weekday
93,01.32.00,39,113.51562729443403,"1.3604835, 103.988524833333","1.36148, 103.98877",weekday
94,01.33.00,31,102.61212104206585,"1.360433, 103.988649","1.36132, 103.98892",weekday
95,01.34.00,37,118.38587453128133,"1.36048, 103.98839","1.36148, 103.98877",weekday
96,01.35.00,42,131.60137882111675,"1.36036, 103.98837","1.36148, 103.98877",weekday
97,01.36.00,35,122.91616269976123,"1.36048216666667, 103.988554333333","1.36152, 103.98895",weekday
98,01.37.00,48,235.012412858425,"1.35909, 103.98896","1.36121, 103.98881",weekday
99,01.38.00,48,592.4545722735099,"1.35611256666667, 103.987751216667","1.3613505, 103.988871666667",weekday
100,01.39.00,43,452.72069843851676,"1.35717, 103.98818","1.36121, 103.98884",weekday
101,01.40.00,51,494.9839097898202,"1.35678031666667, 103.988044633333","1.36119, 103.98881",weekday
102,01.41.00,64,595.4325831035522,"1.3562, 103.98772","1.36145, 103.98891",weekday
103,01.42.00,35,395.72255345457705,"1.35761, 103.98839","1.36116, 103.98884",weekday
104,01.43.00,45,587.1904394908332,"1.35627, 103.98776","1.36147, 103.98883",weekday
105,01.44.00,48,416.0347617358473,"1.35774566666667, 103.988463666667","1.36148, 103.98892",weekday
106,01.45.00,42,497.8718340023446,"1.35689, 103.98805","1.36132, 103.98885",weekday
107,01.46.00,43,589.4575577820611,"1.35608883333333, 103.987718833333","1.36129, 103.98888",weekday
108,01.47.00,40,443.82167143739235,"1.35727, 103.98826","1.36127, 103.98859",weekday
109,01.48.00,55,567.4215119725484,"1.35626, 103.98772","1.36124, 103.98895",weekday
110,01.49.00,49,327.53055949444297,"1.3584, 103.98879","1.36136, 103.9889",weekday
111,01.50.00,54,416.98589461739425,"1.35747, 103.98832","1.36121, 103.9888",weekday
112,01.51.00,43,457.7552606349922,"1.35742, 103.9883","1.361508, 103.9889485",weekday
113,01.52.00,49,475.68056142659685,"1.35709, 103.9881","1.36131, 103.98893",weekday
114,01.53.00,55,440.89347654946386,"1.35736666666667, 103.988259833333","1.36130651666667, 103.9888691",weekday
115,01.54.00,41,365.775592180101,"1.35803333333333, 103.988768666667","1.36134, 103.98886",weekday
116,01.55.00,41,552.2497516814541,"1.35636, 103.98785","1.36126, 103.98881",weekday
117,01.56.00,47,491.8042497764911,"1.35701623333333, 103.988158033333","1.36139866666667, 103.988912333333",weekday
118,01.57.00,47,364.9038152340688,"1.35801233333333, 103.988558666667","1.36129, 103.98894",weekday
119,01.58.00,55,405.19755202804316,"1.35769, 103.98842","1.36133, 103.98884",weekday
120,01.59.00,42,558.7104247690955,"1.35638, 103.98785","1.36131, 103.98895",weekday
121,02.00.00,36,568.6652423879749,"1.35617, 103.9877","1.36119, 103.98881",weekday
122,02.01.00,25,574.4542993562889,"1.35613075, 103.98777745","1.3612092, 103.988865433333",weekday
123,02.02.00,11,29.147246966305126,"1.3609396, 103.988891833333","1.36119, 103.98881",weekday
124,02.03.00,18,112.51006508578986,"1.36036, 103.98837","1.36125, 103.98886",weekday
125,02.04.00,31,114.380711363927,"1.36036, 103.98839","1.36129, 103.98884",weekday
126,02.05.00,55,481.3945878959533,"1.35688, 103.98803","1.36116348333333, 103.988803",weekday
127,02.06.00,43,506.704834195834,"1.3569, 103.98803","1.36139, 103.98894",weekday
128,02.07.00,44,584.6324693471473,"1.35604, 103.9877","1.36121, 103.9888",weekday
129,02.08.00,37,357.8497961478791,"1.35798, 103.9886","1.36121, 103.9888",weekday
130,02.09.00,27,105.7300396255174,"1.36035, 103.9884","1.361214, 103.988807",weekday
131,02.10.00,28,101.05174550639622,"1.36037, 103.9884","1.3612, 103.98878",weekday
132,02.11.00,29,102.66858808146824,"1.36045033333333, 103.988506833333","1.36132, 103.98883",weekday
133,02.12.00,31,147.3135599742935,"1.35987, 103.98836","1.36113, 103.98879",weekday
134,02.13.00,32,108.15923648991789,"1.36025485, 103.988481583333","1.36116, 103.98885",weekday
135,02.14.00,32,104.53095120464732,"1.36028, 103.98841","1.36114, 103.9888",weekday
136,02.15.00,29,101.37051486030231,"1.3604595, 103.98851","1.36131, 103.98885",weekday
137,02.16.00,28,155.15737320614244,"1.3597, 103.98859","1.36107083333333, 103.988887666667",weekday
138,02.17.00,21,71.94247122714584,"1.36049, 103.98855","1.36109, 103.9888",weekday
139,02.18.00,28,166.00297638502622,"1.36024, 103.98834","1.36161, 103.98895",weekday
140,02.19.00,21,97.8273227800497,"1.36036, 103.98837","1.36112, 103.98882",weekday
141,02.20.00,37,245.78133481848855,"1.35937, 103.98884","1.36159, 103.98895",weekday
142,02.21.00,28,194.81536808932447,"1.35931, 103.98888","1.36107, 103.9888",weekday
143,02.22.00,22,116.85623388926322,"1.36037, 103.98839","1.36132, 103.98885",weekday
144,02.23.00,24,84.74280641207712,"1.36046, 103.98855","1.36116, 103.98886",weekday
145,02.24.00,30,115.88136524958672,"1.36047, 103.98841","1.3614, 103.98889",weekday
146,02.25.00,28,83.31861684029631,"1.36047, 103.98841","1.36113916666667, 103.988754166667",weekday
147,02.26.00,33,134.22294870945024,"1.36025, 103.98837","1.36135, 103.98888",weekday
148,02.27.00,26,93.09128103172479,"1.36042, 103.98841","1.36117, 103.98879",weekday
149,02.28.00,29,100.78365178574794,"1.36049, 103.9885","1.36136, 103.98877",weekday
150,02.29.00,27,87.55793146757317,"1.36049, 103.98852","1.36123, 103.9888",weekday
151,02.30.00,29,95.89806749194979,"1.36048, 103.98854","1.361317, 103.988765666667",weekday
152,02.31.00,26,104.61979268838746,"1.36042, 103.98851","1.36132, 103.9888",weekday
153,02.32.00,19,69.84504720431644,"1.36045, 103.98861","1.36107, 103.98873",weekday
154,02.33.00,24,70.54552676462251,"1.36044, 103.98863","1.36107, 103.98873",weekday
155,02.34.00,24,105.42276634059843,"1.3605, 103.98884","1.36145, 103.98892",weekday
156,02.35.00,12,49.564134083422985,"1.36065, 103.98877","1.36106, 103.98895",weekday
157,02.36.00,20,106.97040579287517,"1.36029, 103.98837","1.36111, 103.98888",weekday
158,02.37.00,20,74.77420308532038,"1.36047, 103.9886","1.36108, 103.98889",weekday
159,02.38.00,23,110.0282126330604,"1.36029, 103.98837","1.36113, 103.9889",weekday
160,02.39.00,24,115.0940298412279,"1.36041, 103.98868","1.36142, 103.98893",weekday
161,02.40.00,27,151.51425917522505,"1.36014, 103.98835","1.36137, 103.98895",weekday
162,02.41.00,28,136.2633751988968,"1.36038, 103.9885","1.36153, 103.98894",weekday
163,02.42.00,25,132.70254270580307,"1.3603, 103.98835","1.36137, 103.98889",weekday
164,02.43.00,22,86.9324585918458,"1.36037, 103.98854","1.3611, 103.98883",weekday
165,02.44.00,18,125.96485536665561,"1.35990411666667, 103.9882079","1.36093, 103.9887",weekday
166,02.45.00,23,109.73739101437198,"1.36051, 103.98861","1.36147, 103.98886",weekday
167,02.46.00,32,200.04034028184907,"1.35958, 103.98868","1.36138, 103.98886",weekday
168,02.47.00,29,115.83834961099384,"1.36044, 103.98872","1.36147, 103.98891",weekday
169,02.48.00,30,106.86855522358522,"1.36064, 103.98858","1.36154, 103.98893",weekday
170,02.49.00,37,191.40641317886107,"1.35993, 103.98843","1.36158, 103.98895",weekday
171,02.50.00,45,221.69795521071865,"1.35948, 103.98877","1.36148, 103.98891",weekday
172,02.51.00,29,120.38054462742001,"1.36033, 103.98841","1.36132, 103.98886",weekday
173,02.52.00,46,259.88914592105783,"1.35922, 103.98891","1.36157, 103.98895",weekday
174,02.53.00,35,131.53865814739322,"1.36045, 103.9885","1.36155, 103.98895",weekday
175,02.54.00,40,244.28090109339246,"1.35935, 103.98875","1.36155, 103.98895",weekday
176,02.55.00,46,293.02348898027196,"1.3589, 103.98895","1.36155, 103.98895",weekday
177,02.56.00,32,127.12030963309334,"1.36048043333333, 103.988531183333","1.36155, 103.98895",weekday
178,02.57.00,40,228.9645179178908,"1.3595, 103.98866","1.36155, 103.98895",weekday
179,02.58.00,32,133.07242203352905,"1.3604, 103.98867","1.36157, 103.98895",weekday
180,02.59.00,27,97.82659179118929,"1.36065, 103.98857","1.36147, 103.9889",weekday
181,03.00.00,22,57.115294272419746,"1.36064, 103.98881","1.36115566666667, 103.988780333333",weekday
182,03.01.00,38,233.9094700536536,"1.35909, 103.98895","1.3612, 103.9888",weekday
183,03.02.00,26,91.00545736514285,"1.36039, 103.98873","1.36121, 103.9888",weekday
184,03.03.00,33,267.00785165238796,"1.35883, 103.98895","1.36124, 103.9888",weekday
185,03.04.00,45,324.00166208102456,"1.35831, 103.98877","1.36124, 103.9888",weekday
186,03.05.00,46,345.39732477342017,"1.35831, 103.98877","1.36143, 103.98892",weekday
187,03.06.00,32,187.94218737257364,"1.35959, 103.98864","1.36128, 103.98882",weekday
188,03.07.00,16,75.57783464405259,"1.36056, 103.98858","1.36121, 103.98879",weekday
189,03.08.00,25,187.71799883040552,"1.3593, 103.98888","1.36099, 103.98872",weekday
190,03.09.00,33,361.38179810215803,"1.35794, 103.98858","1.3612, 103.98881",weekday
191,03.10.00,42,289.31424690786656,"1.35846, 103.98883","1.36107643333333, 103.988840566667",weekday
192,03.11.00,38,404.70820747557326,"1.35788, 103.98854","1.36152, 103.98892",weekday
193,03.12.00,21,126.32049780931587,"1.36044, 103.98855","1.36152, 103.98892",weekday
194,03.13.00,42,349.0855381021405,"1.35802433333333, 103.988678666667","1.36118, 103.98877",weekday
195,03.14.00,22,78.3823044379216,"1.36045, 103.98854","1.36112, 103.98877",weekday
196,03.15.00,37,192.4035472959288,"1.35944, 103.98876","1.36118, 103.98877",weekday
197,03.16.00,35,182.10955409713816,"1.35954, 103.98862","1.36118, 103.98877",weekday
198,03.17.00,18,70.57038414110548,"1.36037, 103.98856","1.36095716666667, 103.9888085",weekday
199,03.18.00,37,360.97030677970787,"1.35835, 103.98876","1.36161, 103.98893",weekday
200,03.19.00,27,108.01143174074063,"1.36029, 103.98837","1.36118, 103.98877",weekday
201,03.20.00,29,134.26751325176576,"1.36041, 103.98868","1.3616, 103.98892",weekday
202,03.21.00,33,183.56783082327172,"1.35945, 103.98875","1.36111, 103.98873",weekday
203,03.22.00,29,144.78567945432715,"1.36012, 103.9883","1.36126, 103.98894",weekday
204,03.23.00,24,147.78449277762715,"1.35935, 103.98884","1.3606, 103.98837",weekday
205,03.24.00,39,326.9517191282255,"1.35802333333333, 103.988668666667","1.36098, 103.9887",weekday
206,03.25.00,43,254.34418672594956,"1.35904, 103.98895","1.36134, 103.98892",weekday
207,03.26.00,28,118.8481753518557,"1.3604, 103.98843","1.36137, 103.98889",weekday
208,03.27.00,31,105.69743725083899,"1.36026, 103.9884","1.36116, 103.98872",weekday
209,03.28.00,30,163.52978541620087,"1.3601, 103.9883","1.36145, 103.9889",weekday
210,03.29.00,30,271.0204920517817,"1.35907, 103.98895","1.36152, 103.98888",weekday
211,03.30.00,28,240.78103895594853,"1.35902, 103.98894","1.36116, 103.98854",weekday
212,03.31.00,0,0,0,0,weekday
213,03.32.00,27,95.65232878001171,"1.36068516666667, 103.988810166667","1.36154466666667, 103.988907333333",weekday
214,03.33.00,30,121.00839195270119,"1.36053, 103.9885","1.36154466666667, 103.988907333333",weekday
215,03.34.00,25,107.78011295939079,"1.36053, 103.98859","1.36146, 103.98888",weekday
216,03.35.00,33,132.40205720491247,"1.36015, 103.98834","1.36125, 103.98881",weekday
217,03.36.00,26,131.33689616933015,"1.36048, 103.98844","1.36159, 103.98886",weekday
218,03.37.00,35,133.02009309144233,"1.36045, 103.9885","1.36158, 103.98891",weekday
219,03.38.00,30,101.14859223072499,"1.36036, 103.98854","1.36125, 103.98875",weekday
220,03.39.00,37,156.03382411962457,"1.35992631666667, 103.98826415","1.36125, 103.98875",weekday
221,03.40.00,39,197.94158826493268,"1.35951, 103.98875","1.3613, 103.98873",weekday
222,03.41.00,44,224.2577712468711,"1.35953, 103.98873","1.36155, 103.98891",weekday
223,03.42.00,45,286.1027226245318,"1.35896283333333, 103.988955333333","1.36155, 103.98892",weekday
224,03.43.00,38,318.4576605439847,"1.35866, 103.9889","1.36154, 103.98891",weekday
225,03.44.00,44,275.86706619344704,"1.35867, 103.9889","1.36115, 103.98863",weekday
226,03.45.00,37,260.96596721918087,"1.35867, 103.98892","1.361007, 103.988592833333",weekday
227,03.46.00,36,262.40256773501255,"1.35867, 103.98892","1.36104, 103.9888",weekday
228,03.47.00,55,314.1037014915396,"1.35853, 103.98885","1.36137, 103.98879",weekday
229,03.48.00,44,349.8700905286751,"1.35836, 103.98876","1.36152, 103.98892",weekday
230,03.49.00,43,355.64260728034367,"1.35827, 103.98873","1.36148, 103.98893",weekday
231,03.50.00,37,325.1206854771449,"1.35822, 103.98873","1.36116, 103.98877",weekday
232,03.51.00,38,340.8324275342444,"1.35808, 103.98865","1.36116, 103.98877",weekday
233,03.52.00,43,350.52085863617543,"1.35800933333333, 103.988528666667","1.36117, 103.98877",weekday
234,03.53.00,50,348.4166919749152,"1.35801433333333, 103.988578666667","1.36116, 103.98876",weekday
235,03.54.00,44,345.1876116073046,"1.35802233333333, 103.988658666667","1.36114, 103.9885",weekday
236,03.55.00,43,366.82090697057015,"1.35796, 103.98859","1.36127, 103.98881",weekday
237,03.56.00,59,392.9525216864314,"1.35794, 103.98858","1.36148, 103.98889",weekday
238,03.57.00,49,410.3233161501252,"1.35779, 103.9885","1.36148, 103.98889",weekday
239,03.58.00,49,402.39347943941397,"1.35786, 103.98853","1.36148, 103.9889",weekday
240,03.59.00,47,402.2811219488228,"1.35786, 103.98854","1.36148, 103.9889",weekday
241,04.00.00,59,406.9076642631027,"1.35784, 103.98853","1.3615, 103.98891",weekday
242,04.01.00,47,210.68430053086996,"1.359582, 103.988733833333","1.36148, 103.9889",weekday
243,04.02.00,40,216.4998435526141,"1.35954666666667, 103.9886025","1.36148, 103.98891",weekday
244,04.03.00,37,164.26667506096203,"1.3595775, 103.988675166667","1.36106, 103.98877",weekday
245,04.04.00,37,160.7433400005925,"1.36016, 103.98834","1.3615, 103.9889",weekday
246,04.05.00,45,356.6142467181444,"1.35814, 103.98868","1.36136, 103.98886",weekday
247,04.06.00,39,357.7182552197229,"1.35813, 103.98868","1.36136, 103.98886",weekday
248,04.07.00,43,328.1350181548698,"1.35814, 103.98866","1.3611, 103.98887",weekday
249,04.08.00,43,384.7565116867815,"1.35778, 103.9885","1.36123, 103.98895",weekday
250,04.09.00,44,372.7075002692734,"1.35778, 103.9885","1.36113, 103.98887",weekday
251,04.10.00,35,304.180749102303,"1.35838, 103.98879","1.36113, 103.98872",weekday
252,04.11.00,32,303.0753641119793,"1.35839, 103.98879","1.36113, 103.98872",weekday
253,04.12.00,37,391.85105378795646,"1.35758, 103.9884","1.36111, 103.98871",weekday
254,04.13.00,36,419.71685337468875,"1.35752733333333, 103.988333","1.36129, 103.98883",weekday
255,04.14.00,54,451.449098123604,"1.35752733333333, 103.988333","1.36157, 103.9889",weekday
256,04.15.00,47,258.78355978465135,"1.35921, 103.98895","1.36155, 103.98891",weekday
257,04.16.00,41,212.35047496193525,"1.3592, 103.98893","1.36112, 103.98889",weekday
258,04.17.00,52,341.90632790003804,"1.35803033333333, 103.988738666667","1.36112, 103.98886",weekday
259,04.18.00,57,371.6426169649293,"1.35806, 103.98862","1.36141, 103.98889",weekday
260,04.19.00,53,322.7194330298028,"1.35820566666667, 103.988704","1.36112, 103.98886",weekday
261,04.20.00,51,353.9985647468879,"1.35806, 103.98864","1.36125416666667, 103.98885425",weekday
262,04.21.00,42,381.5626258676698,"1.35795, 103.98859","1.36139, 103.98886",weekday
263,04.22.00,40,346.3158700411514,"1.35795, 103.98859","1.36108, 103.9887",weekday
264,04.23.00,33,156.5226278378042,"1.36014, 103.98826","1.36139, 103.98892",weekday
265,04.24.00,31,130.3733689754427,"1.36043, 103.98848","1.36151, 103.98895",weekday
266,04.25.00,27,88.97105114126502,"1.36045441666667, 103.988545166667","1.36121, 103.98882",weekday
267,04.26.00,45,203.39963781034754,"1.35951883333333, 103.988753666667","1.361354, 103.988878666667",weekday
268,04.27.00,33,122.32771163457699,"1.36044, 103.98862","1.361507, 103.988910333333",weekday
269,04.28.00,35,128.5231824598401,"1.36052, 103.9885","1.36158916666667, 103.988953",weekday
270,04.29.00,35,130.33068535554307,"1.36046, 103.98855","1.361577, 103.988923833333",weekday
271,04.30.00,26,82.72346189279556,"1.36046, 103.98855","1.36112, 103.9889",weekday
272,04.31.00,28,121.54234416713629,"1.36048, 103.98855","1.36155, 103.9888",weekday
273,04.32.00,31,130.58718537753933,"1.36025, 103.98826","1.36130083333333, 103.9887955",weekday
274,04.33.00,31,128.9199328033648,"1.36025, 103.98825","1.36128516666667, 103.988783",weekday
275,04.34.00,26,109.98076757089612,"1.36038316666667, 103.988460166667","1.36134, 103.98873",weekday
276,04.35.00,25,111.52701649040702,"1.36037, 103.988396166667","1.36129183333333, 103.988802833333",weekday
277,04.36.00,0,0,0,0,weekday
278,04.37.00,26,137.17244643475343,"1.36025, 103.98836","1.36137, 103.98889",weekday
279,04.38.00,38,147.80685533292078,"1.36031, 103.9884","1.36154, 103.98892",weekday
280,04.39.00,36,151.52296662211145,"1.36032, 103.9883","1.36154, 103.98892",weekday
281,04.40.00,38,126.41236961225358,"1.36048, 103.98853","1.36155, 103.98893",weekday
282,04.41.00,35,130.18610829239367,"1.36044, 103.98853","1.36155, 103.98892",weekday
283,04.42.00,39,133.31816227843885,"1.36043, 103.9885","1.36157, 103.98889",weekday
284,04.43.00,32,130.56134559531372,"1.36044, 103.98853","1.36155, 103.98893",weekday
285,04.44.00,37,119.32286045978995,"1.36045, 103.98855","1.36147, 103.9889",weekday
286,04.45.00,22,91.33270709758628,"1.36045, 103.98852","1.36123, 103.98879",weekday
287,04.46.00,27,114.23960001101113,"1.36048, 103.98872","1.36151, 103.9888",weekday
288,04.47.00,30,107.63496342387862,"1.36048, 103.98873","1.36144, 103.98889",weekday
289,04.48.00,21,74.16037433325877,"1.36048, 103.98873","1.36115, 103.98876",weekday
290,04.49.00,30,126.02477949845822,"1.36046, 103.98853","1.36153, 103.98892",weekday
291,04.50.00,26,94.550597553476,"1.36048, 103.98853","1.36128, 103.98883",weekday
292,04.51.00,24,78.3469333964481,"1.36045, 103.98858","1.36114, 103.98874",weekday
293,04.52.00,26,91.7048600039366,"1.36047, 103.98854","1.36125, 103.98882",weekday
294,04.53.00,22,89.65616965771214,"1.36047, 103.98859","1.36125, 103.98881",weekday
295,04.54.00,24,106.62435133517224,"1.36051, 103.9885","1.36142633333333, 103.988798333333",weekday
296,04.55.00,23,84.8189091006597,"1.36052, 103.98849","1.361227, 103.988785666667",weekday
297,04.56.00,20,69.30316031849418,"1.36055, 103.98859","1.36115, 103.98877",weekday
298,04.57.00,25,73.84083150094814,"1.36058, 103.98853","1.36119, 103.9888",weekday
299,04.58.00,26,116.12845527946885,"1.36055, 103.98855","1.36152, 103.98895",weekday
300,04.59.00,22,99.9742454760096,"1.36069583333333, 103.9885955","1.36155, 103.98889",weekday
301,05.00.00,23,103.26281060520596,"1.360541, 103.9884735","1.36139, 103.98886",weekday
302,05.01.00,10,36.48971775367783,"1.36091, 103.98881","1.36124, 103.98881",weekday
303,05.02.00,27,127.84084952856415,"1.36045, 103.98855","1.36153, 103.98896",weekday
304,05.03.00,23,109.19536284149623,"1.36047983333333, 103.988523833333","1.3614, 103.98888",weekday
305,05.04.00,23,115.15120637689934,"1.36045, 103.98855","1.36143, 103.9889",weekday
306,05.05.00,24,115.29358577886151,"1.36046, 103.98852","1.36143, 103.9889",weekday
307,05.06.00,22,130.1861081930061,"1.36046, 103.98852","1.36157, 103.98891",weekday
308,05.07.00,23,130.50987447591825,"1.36044, 103.98854","1.36156, 103.98891",weekday
309,05.08.00,21,100.90889596343514,"1.36054, 103.98854","1.36139, 103.98887",weekday
310,05.09.00,8,40.05113157558055,"1.36090666666667, 103.988486666667","1.36113, 103.98877",weekday
311,05.10.00,14,86.52547166471821,"1.36053, 103.9885","1.36126, 103.98878",weekday
312,05.11.00,17,86.76741636754957,"1.36053, 103.9885","1.36125, 103.98881",weekday
313,05.12.00,20,95.58591468888316,"1.36052, 103.9885","1.36133, 103.9888",weekday
314,05.13.00,16,68.58222727597905,"1.36047966666667, 103.988500333333","1.36109, 103.98861",weekday
315,05.14.00,18,76.41803530088512,"1.36047733333333, 103.988493666667","1.36111, 103.98877",weekday
316,05.15.00,23,129.06812077438914,"1.36049466666667, 103.988506333333","1.3615725, 103.9889515",weekday
317,05.16.00,26,128.56203794538467,"1.36049666666667, 103.988482666667","1.361567, 103.988933833333",weekday
318,05.17.00,22,71.11133687703008,"1.3607, 103.9886","1.3613, 103.98883",weekday
319,05.18.00,27,130.8440503386457,"1.36046933333333, 103.988508333333","1.36157, 103.98894",weekday
320,05.19.00,26,118.59775770541029,"1.3606, 103.9885","1.36159, 103.98891",weekday
321,05.20.00,21,91.02704227536844,"1.36076, 103.9887","1.36155, 103.98893",weekday
322,05.21.00,27,630.517166449194,"1.35588, 103.98857","1.36157, 103.98894",weekday
323,05.22.00,25,125.42924800961225,"1.36051, 103.9885","1.36155, 103.98895",weekday
324,05.23.00,25,113.06729344380881,"1.36075, 103.98861","1.36173, 103.9889",weekday
325,05.24.00,20,99.74230316938068,"1.36071, 103.98863","1.36156, 103.98893",weekday
326,05.25.00,30,111.39441395984012,"1.36051, 103.9885","1.36145, 103.98886",weekday
327,05.26.00,22,84.70896936822501,"1.3607, 103.98864","1.36142, 103.9889",weekday
328,05.27.00,27,124.7477040311676,"1.3605, 103.9885","1.36155, 103.98891",weekday
329,05.28.00,29,128.4774427432072,"1.36048, 103.9885","1.36155, 103.98895",weekday
330,05.29.00,25,117.15050561512533,"1.3605, 103.98851","1.36148, 103.98891",weekday
331,05.30.00,19,101.82892181458443,"1.36064, 103.98864","1.36151, 103.98894",weekday
332,05.31.00,22,77.33801838383751,"1.36046, 103.9886","1.36112, 103.98883",weekday
333,05.32.00,24,102.17353662373357,"1.3605, 103.98862","1.36138, 103.9889",weekday
334,05.33.00,23,107.40467154969357,"1.3604515, 103.988558533333","1.36136, 103.9889",weekday
335,05.34.00,14,61.512803636106035,"1.36045068333333, 103.988564466667","1.36099, 103.9887",weekday
336,05.35.00,28,140.17462503779674,"1.36033, 103.98837","1.36148, 103.9889",weekday
337,05.36.00,27,120.22554422595034,"1.36047, 103.9885","1.36148, 103.9889",weekday
338,05.37.00,19,80.76264144129252,"1.36074165, 103.988668783333","1.36146, 103.9888",weekday
339,05.38.00,29,107.6997378220834,"1.36046, 103.98855","1.36136, 103.98892",weekday
340,05.39.00,19,71.75676797130598,"1.36067, 103.9886","1.36128, 103.98882",weekday
341,05.40.00,19,73.17893403128566,"1.36066, 103.98859","1.36128, 103.98882",weekday
342,05.41.00,26,117.31307559826192,"1.36052, 103.98852","1.36154, 103.98881",weekday
343,05.42.00,27,97.23026947150419,"1.3605, 103.98859","1.36131, 103.98893",weekday
344,05.43.00,27,100.12030884332783,"1.36048, 103.98858","1.36133, 103.98889",weekday
345,05.44.00,25,99.47597306283474,"1.36048, 103.98859","1.36132, 103.98891",weekday
346,05.45.00,27,123.40482891441889,"1.36048, 103.9885","1.3615, 103.98895",weekday
347,05.46.00,24,92.16246982533805,"1.36048, 103.9885","1.36124, 103.98884",weekday
348,05.47.00,26,114.41749494021163,"1.36047, 103.9886","1.36145, 103.98893",weekday
349,05.48.00,23,111.7994928212929,"1.3605, 103.98857","1.36144, 103.98894",weekday
350,05.49.00,22,86.79142301022176,"1.3605, 103.98855","1.36125, 103.98878",weekday
351,05.50.00,23,99.37532489452038,"1.3605, 103.9886","1.36135, 103.98889",weekday
352,05.51.00,27,105.52353434536775,"1.36049, 103.9885","1.36133, 103.98895",weekday
353,05.52.00,25,80.24149157090763,"1.36047, 103.98855","1.36119, 103.98864",weekday
354,05.53.00,19,76.74758778193404,"1.36048, 103.98855","1.3611, 103.98886",weekday
355,05.54.00,22,82.42773165367565,"1.36048, 103.98855","1.36121, 103.9887",weekday
356,05.55.00,21,88.5441101371398,"1.36043, 103.98857","1.36122, 103.9887",weekday
357,05.56.00,26,125.77748355016774,"1.36047, 103.98854","1.36153, 103.98895",weekday
358,05.57.00,24,109.96426727404538,"1.36047, 103.98855","1.3614, 103.9889",weekday
359,05.58.00,29,117.57788960622202,"1.36052, 103.98852","1.3615, 103.98893",weekday
360,05.59.00,27,110.36337343647685,"1.36046, 103.98852","1.36139, 103.98888",weekday
361,06.00.00,27,119.82373871592527,"1.36042, 103.9884","1.36139, 103.98888",weekday
362,06.01.00,28,131.29621760915185,"1.36039, 103.98861","1.36153, 103.98894",weekday
363,06.02.00,18,84.33531691145993,"1.36048, 103.98857","1.3612, 103.98882",weekday
364,06.03.00,26,124.21831395447855,"1.36038, 103.98859","1.36145, 103.98893",weekday
365,06.04.00,25,129.07014543100232,"1.36047, 103.9885","1.36155, 103.98894",weekday
366,06.05.00,22,103.98060264230845,"1.36039, 103.98839","1.36123, 103.98881",weekday
367,06.06.00,26,106.86855603574092,"1.36048, 103.98855","1.36138, 103.9889",weekday
368,06.07.00,26,103.18941344967493,"1.36048, 103.98853","1.36134, 103.98889",weekday
369,06.08.00,26,101.74007322323573,"1.36049, 103.98854","1.36134, 103.98889",weekday
370,06.09.00,22,86.76741677085705,"1.36045, 103.98855","1.36117, 103.98886",weekday
371,06.10.00,20,73.19126107750152,"1.36044, 103.98859","1.3611, 103.98864",weekday
372,06.11.00,25,92.85175031530524,"1.36048, 103.98858","1.36129, 103.9888",weekday
373,06.12.00,23,108.82646659134107,"1.3605, 103.98858","1.36143, 103.9889",weekday
374,06.13.00,24,123.7192361970227,"1.36047, 103.98852","1.36151, 103.98893",weekday
375,06.14.00,20,72.07904577105545,"1.3605, 103.98857","1.36112, 103.98877",weekday
376,06.15.00,23,104.28356589207185,"1.3605, 103.98855","1.36139, 103.98886",weekday
377,06.16.00,25,116.12845552757389,"1.36051, 103.9885","1.36148, 103.9889",weekday
378,06.17.00,21,104.00565703417115,"1.3605, 103.98852","1.36138, 103.98885",weekday
379,06.18.00,23,83.62744078296413,"1.36047, 103.98853","1.36119, 103.98876",weekday
380,06.19.00,20,97.66118195328067,"1.36046, 103.98854","1.36129, 103.98884",weekday
381,06.20.00,19,78.41606920762203,"1.36056, 103.98861","1.36124, 103.98881",weekday
382,06.21.00,14,80.6197811677064,"1.36052666666667, 103.988609333333","1.36119, 103.98891",weekday
383,06.22.00,19,97.66118187356895,"1.36048, 103.98854","1.36131, 103.98884",weekday
384,06.23.00,19,77.7467595686349,"1.3606, 103.98853","1.36119, 103.98891",weekday
385,06.24.00,10,41.28937955922647,"1.36081, 103.9887","1.36118, 103.98875",weekday
386,06.25.00,11,41.28937955922647,"1.36081, 103.9887","1.36118, 103.98875",weekday
387,06.26.00,17,71.42312075980536,"1.3605, 103.98857","1.36112, 103.98875",weekday
388,06.27.00,20,82.72776594404034,"1.36053, 103.98848","1.36121, 103.98879",weekday
389,06.28.00,18,112.42687486244931,"1.36047, 103.98853","1.36142, 103.98889",weekday
390,06.29.00,15,70.6873200346856,"1.36063, 103.98862","1.36124, 103.98881",weekday
391,06.30.00,18,65.95463069036582,"1.36049, 103.98855","1.36105233333333, 103.988747616667",weekday
392,06.31.00,28,677.796405310354,"1.35517, 103.98794","1.3612355, 103.9888195",weekday
393,06.32.00,23,99.90653729939888,"1.36044783333333, 103.988514833333","1.36129, 103.98884",weekday
394,06.33.00,24,129.14414586562103,"1.36037, 103.98855","1.36147, 103.98894",weekday
395,06.34.00,23,116.88787199132274,"1.36037, 103.98855","1.36138, 103.98886",weekday
396,06.35.00,25,104.81227908715051,"1.36051, 103.9885","1.36139, 103.98885",weekday
397,06.36.00,26,123.31313892095335,"1.36046, 103.98851","1.3615, 103.98891",weekday
398,06.37.00,21,90.66568167199337,"1.36044, 103.98852","1.36121, 103.9888",weekday
399,06.38.00,18,81.7496172535061,"1.36049, 103.9885","1.36114, 103.98885",weekday
400,06.39.00,11,30.500111962304832,"1.36107, 103.98866","1.36129466666667, 103.988819",weekday
401,06.40.00,21,95.64478325013178,"1.36046, 103.98853","1.36125, 103.98888",weekday
402,06.41.00,23,88.54411014228428,"1.36041, 103.98857","1.3612, 103.9887",weekday
403,06.42.00,25,96.25580962114213,"1.36044066666667, 103.9885615","1.36125, 103.98888",weekday
404,06.43.00,23,82.9271691823518,"1.36048, 103.98853","1.36119, 103.98877",weekday
405,06.44.00,26,84.68079815063594,"1.36048, 103.98854","1.36121, 103.98877",weekday
406,06.45.00,30,109.96426737166625,"1.36045, 103.9885","1.36138, 103.98885",weekday
407,06.46.00,29,110.23767158535934,"1.36047, 103.98853","1.36141, 103.98886",weekday
408,06.47.00,30,118.38587469217377,"1.36045, 103.98852","1.36145, 103.9889",weekday
409,06.48.00,31,121.49003241106773,"1.36045, 103.98852","1.36148, 103.9889",weekday
410,06.49.00,29,117.99291143978304,"1.36048, 103.98853","1.36148, 103.9889",weekday
411,06.50.00,31,118.64937797961545,"1.36047, 103.98854","1.36148, 103.9889",weekday
412,06.51.00,30,119.47193590906724,"1.360456, 103.988503333333","1.36146, 103.9889",weekday
413,06.52.00,31,120.06785688586187,"1.36045, 103.98853","1.36147, 103.9889",weekday
414,06.53.00,28,121.10714191901012,"1.36046, 103.98853","1.36149, 103.9889",weekday
415,06.54.00,27,80.0748488419621,"1.3604685, 103.988516666667","1.36115, 103.98876",weekday
416,06.55.00,29,120.22554422595034,"1.36047, 103.98854","1.36148, 103.98894",weekday
417,06.56.00,29,122.14759398787957,"1.3605, 103.98857","1.36154, 103.98894",weekday
418,06.57.00,29,127.21321706881456,"1.36047, 103.98852","1.36154, 103.98894",weekday
419,06.58.00,27,82.28902794669172,"1.36046, 103.98854","1.3611545, 103.988805666667",weekday
420,06.59.00,26,67.34104734673137,"1.36049, 103.98855","1.36108, 103.9887",weekday
421,07.00.00,26,86.33096547271221,"1.36043, 103.9885","1.36115, 103.9888",weekday
422,07.01.00,31,121.41535935242518,"1.36051, 103.9886","1.36155, 103.98895",weekday
423,07.02.00,15,55.466371632151514,"1.36064, 103.98872","1.36114, 103.98876",weekday
424,07.03.00,28,122.52723330941639,"1.36046, 103.98855","1.3615, 103.98893",weekday
425,07.04.00,30,121.12086355141993,"1.36047, 103.98859","1.36152, 103.9889",weekday
426,07.05.00,32,127.0109396675852,"1.36044, 103.98854","1.36153, 103.9889",weekday
427,07.06.00,29,99.13785614233902,"1.36047, 103.98855","1.36131973333333, 103.98883415",weekday
428,07.07.00,34,119.6907645225732,"1.36047, 103.98855","1.36149, 103.98891",weekday
429,07.08.00,27,116.86969181946063,"1.36045, 103.98854","1.36145, 103.98888",weekday
430,07.09.00,35,113.45477499852393,"1.36049, 103.98856","1.3614765, 103.9888403",weekday
431,07.10.00,26,92.76363087769016,"1.36072, 103.98848","1.3614765, 103.9888403",weekday
432,07.11.00,32,118.38587555010191,"1.36029, 103.98852","1.36129, 103.9889",weekday
433,07.12.00,30,121.20063533475461,"1.36051631666667, 103.98853775","1.36155, 103.9889",weekday
434,07.13.00,32,115.98688021003399,"1.36038, 103.98844","1.36134, 103.98886",weekday
435,07.14.00,34,105.47455125571248,"1.36041, 103.98839","1.36127, 103.9888",weekday
436,07.15.00,23,64.07085071551985,"1.36066, 103.98862","1.36117435, 103.9888851",weekday
437,07.16.00,27,75.4536787262894,"1.36056, 103.98859","1.36117435, 103.9888851",weekday
438,07.17.00,28,139.1723082503374,"1.36041, 103.98837","1.36155, 103.9889",weekday
439,07.18.00,36,137.23619434015401,"1.36042, 103.9884","1.36155, 103.98891",weekday
440,07.19.00,33,107.26792846567197,"1.36029533333333, 103.9883645","1.36118, 103.98876",weekday
441,07.20.00,31,99.02914560089255,"1.36038, 103.98839","1.36118, 103.98879",weekday
442,07.21.00,43,165.55098588635317,"1.36015, 103.98835","1.36152, 103.98895",weekday
443,07.22.00,29,96.55341821819127,"1.36022, 103.9883","1.361, 103.98869",weekday
444,07.23.00,34,122.6403767152725,"1.36022, 103.9883","1.36113, 103.98893",weekday
445,07.24.00,37,151.2952499392975,"1.36024, 103.98839","1.3615, 103.98892",weekday
446,07.25.00,38,145.66432541011963,"1.36041, 103.98841","1.36161, 103.98895",weekday
447,07.26.00,33,101.31922577033961,"1.36039, 103.98845","1.36124, 103.98879",weekday
448,07.27.00,38,138.1715710304589,"1.36033, 103.9884","1.36146, 103.98893",weekday
449,07.28.00,30,89.17365628192204,"1.36043, 103.98837","1.36114, 103.98875",weekday
450,07.29.00,32,107.70745601772077,"1.36025, 103.98837","1.36109, 103.98886",weekday
451,07.30.00,39,161.1298573550462,"1.3602, 103.98834","1.36154216666667, 103.988903833333",weekday
452,07.31.00,38,149.54840559555544,"1.36022, 103.9883","1.36144, 103.98888",weekday
453,07.32.00,36,144.6964271751841,"1.36024, 103.98827","1.36141083333333, 103.988850666667",weekday
454,07.33.00,34,90.62482287699714,"1.36038, 103.98851","1.36116, 103.98876",weekday
455,07.34.00,39,150.24694310972885,"1.36031, 103.98842","1.36158, 103.9889",weekday
456,07.35.00,38,125.27566283148236,"1.36051, 103.98853","1.36158, 103.9889",weekday
457,07.36.00,40,137.17244453173842,"1.36045, 103.98839","1.36157, 103.98892",weekday
458,07.37.00,41,150.15468639572015,"1.36033, 103.98837","1.36157, 103.98892",weekday
459,07.38.00,58,262.06251686482676,"1.35918, 103.98891","1.36155, 103.98891",weekday
460,07.39.00,56,264.2833876696764,"1.35918, 103.98891","1.36157, 103.98893",weekday
461,07.40.00,49,274.22801417059554,"1.3591, 103.98893","1.36158, 103.98892",weekday
462,07.41.00,51,232.97672873382245,"1.3591, 103.98893","1.3612, 103.98876",weekday
463,07.42.00,58,260.95914066931766,"1.3591, 103.98894","1.36146, 103.98895",weekday
464,07.43.00,46,186.6172653734521,"1.35965, 103.98864","1.36133, 103.9888",weekday
465,07.44.00,50,181.11451303276635,"1.35956, 103.98862","1.36119, 103.98878",weekday
466,07.45.00,47,198.1292074390945,"1.35939, 103.98884","1.36118, 103.98876",weekday
467,07.46.00,47,211.41811982665655,"1.35965, 103.98844","1.36151, 103.98888",weekday
468,07.47.00,55,230.09270339430887,"1.35924, 103.98889","1.36132, 103.98883",weekday
469,07.48.00,49,252.5917475074138,"1.35909, 103.98894","1.36137, 103.9888",weekday
470,07.49.00,36,124.2359472403694,"1.36026, 103.9883","1.36122, 103.98888",weekday
471,07.50.00,43,191.55661176081261,"1.3595, 103.9887","1.36123, 103.98879",weekday
472,07.51.00,46,232.2238964699103,"1.35942116666667, 103.988673666667","1.36151, 103.98889",weekday
473,07.52.00,46,265.3820974463893,"1.3592, 103.98892","1.3616, 103.98893",weekday
474,07.53.00,42,169.17259675067965,"1.36015, 103.98835","1.36156, 103.98894",weekday
475,07.54.00,45,331.75457071916765,"1.35843, 103.98883","1.36143, 103.98887",weekday
476,07.55.00,51,286.3911574289113,"1.35904, 103.98895","1.36163, 103.98894",weekday
477,07.56.00,37,164.23279820613573,"1.36028, 103.98837","1.36165, 103.98894",weekday
478,07.57.00,38,162.16001773357314,"1.3597985, 103.988324333333","1.36115, 103.98889",weekday
479,07.58.00,46,292.27602509354534,"1.3588, 103.98895","1.36144, 103.98882",weekday
480,07.59.00,43,266.49480794516893,"1.35918, 103.98892","1.36159, 103.9889",weekday
481,08.00.00,29,85.40982828932007,"1.3605, 103.98841","1.36124, 103.98863",weekday
482,08.01.00,38,185.86675084272272,"1.35958, 103.9886","1.36125, 103.98879",weekday
483,08.02.00,36,129.8193266221222,"1.3605, 103.98855","1.36161, 103.98893",weekday
484,08.03.00,45,212.4904064898015,"1.35947, 103.98876","1.36139, 103.98884",weekday
485,08.04.00,44,300.9304592650928,"1.35853, 103.98888","1.36125, 103.98879",weekday
486,08.05.00,44,207.1214774246287,"1.35952, 103.98863","1.36138, 103.98885",weekday
487,08.06.00,45,230.3820596051364,"1.3595, 103.98863","1.36156, 103.98894",weekday
488,08.07.00,44,233.04677002087936,"1.3595, 103.98863","1.36159, 103.9889",weekday
489,08.08.00,39,143.65631512083243,"1.36011, 103.98831","1.36132, 103.98878",weekday
490,08.09.00,52,411.19403165394164,"1.35795, 103.98858","1.36165, 103.98895",weekday
491,08.10.00,40,387.3479211659163,"1.35803, 103.98862","1.36152, 103.98892",weekday
492,08.11.00,48,215.55185288167434,"1.35979233333333, 103.9884295","1.36167, 103.98895",weekday
493,08.12.00,35,138.1441194517717,"1.36032, 103.98835","1.36144, 103.9889",weekday
494,08.13.00,27,125.7774834910888,"1.36048, 103.98854","1.36154, 103.98895",weekday
495,08.14.00,27,128.4774427432072,"1.36048, 103.9885","1.36155, 103.98895",weekday
496,08.15.00,27,95.52056914258826,"1.36048, 103.98855","1.3613, 103.98882",weekday
497,08.16.00,35,248.88311732159485,"1.35909, 103.98894","1.36134, 103.98888",weekday
498,08.17.00,25,89.58346263262163,"1.36046816666667, 103.988589","1.36125, 103.9888",weekday
499,08.18.00,31,126.2075698736316,"1.360458, 103.98856065","1.36153, 103.98895",weekday
500,08.19.00,30,96.08928533601336,"1.360458, 103.98856065","1.36132, 103.98867",weekday
501,08.20.00,32,110.93033772753924,"1.36033, 103.98837","1.36122, 103.98883",weekday
502,08.21.00,29,80.85368701635703,"1.36051, 103.9886","1.36121, 103.98881",weekday
503,08.22.00,31,135.22578243146575,"1.36033, 103.9884","1.36144, 103.98891",weekday
504,08.23.00,36,131.77260666484773,"1.36037, 103.98837","1.36142, 103.98893",weekday
505,08.24.00,43,236.11120836522062,"1.35935, 103.98884","1.36148333333333, 103.988931166667",weekday
506,08.25.00,44,244.6911274665845,"1.35907, 103.98895","1.3612775, 103.9887965",weekday
507,08.26.00,40,251.47693652968044,"1.35898633333333, 103.988838","1.36126016666667, 103.988793833333",weekday
508,08.27.00,31,143.3029840149254,"1.36023, 103.98837","1.36142, 103.98888",weekday
509,08.28.00,39,260.96625975048306,"1.35919, 103.98893","1.36155, 103.98895",weekday
510,08.29.00,30,137.54868423087777,"1.36028, 103.98836","1.3614215, 103.988851166667",weekday
511,08.30.00,26,139.7099933860074,"1.36027, 103.98838","1.36142, 103.9889",weekday
512,08.31.00,30,139.7099933860074,"1.36027, 103.98838","1.36142, 103.9889",weekday
513,08.32.00,35,238.8443800394835,"1.35918, 103.98894","1.36134, 103.98895",weekday
514,08.33.00,37,232.47382200637884,"1.35917, 103.98895","1.36127, 103.98885",weekday
515,08.34.00,34,182.29160420746942,"1.35973, 103.98823","1.36126, 103.98884",weekday
516,08.35.00,42,379.73655832181294,"1.35806, 103.98864","1.36148, 103.98895",weekday
517,08.36.00,38,164.39084508526673,"1.35965, 103.98862","1.36113, 103.98876",weekday
518,08.37.00,34,119.8470360102895,"1.36015, 103.9883","1.36113, 103.98876",weekday
519,08.38.00,36,141.6202815520952,"1.36024, 103.9883","1.36138, 103.98888",weekday
520,08.39.00,43,318.4634936976207,"1.3585, 103.98886","1.36138, 103.98888",weekday
521,08.40.00,40,314.03271933855234,"1.35845, 103.9888","1.36129, 103.9888",weekday
522,08.41.00,31,293.0763163325371,"1.35845, 103.9888","1.3611, 103.98885",weekday
523,08.42.00,47,367.32700790107367,"1.35794, 103.98853","1.36125, 103.98881",weekday
524,08.43.00,55,276.6186440717129,"1.35875, 103.9889","1.36125, 103.98881",weekday
525,08.44.00,27,125.15904416545636,"1.3602, 103.98836","1.36125, 103.98878",weekday
526,08.45.00,33,118.45940313816693,"1.36014, 103.9883","1.36112, 103.98873",weekday
527,08.46.00,29,104.22964769864554,"1.36042908333333, 103.988441716667","1.3613, 103.9888",weekday
528,08.47.00,39,176.7651667962453,"1.36004, 103.98819","1.36147, 103.9889",weekday
529,08.48.00,29,118.17406282528935,"1.36048, 103.9885","1.36147, 103.9889",weekday
530,08.49.00,31,125.67778044345079,"1.36042, 103.98858","1.36151, 103.9889",weekday
531,08.50.00,31,149.07144860257026,"1.36033, 103.98834","1.36155, 103.98891",weekday
532,08.51.00,25,89.81422868641378,"1.36043, 103.98864","1.36124, 103.9887",weekday
533,08.52.00,0,0,0,0,weekday
534,08.53.00,18,91.3509360078533,"1.36054, 103.98848","1.36126766666667, 103.988868666667",weekday
535,08.54.00,27,98.31114453398298,"1.36034116666667, 103.9886625","1.36121, 103.98885",weekday
536,08.55.00,29,82.20004526964263,"1.36047, 103.98849","1.36114, 103.98881",weekday
537,08.56.00,28,77.25424446955242,"1.36047, 103.98848","1.36109, 103.9888",weekday
538,08.57.00,33,127.62631312454099,"1.36048, 103.9885","1.36155, 103.98893",weekday
539,08.58.00,24,90.14518761540741,"1.36076, 103.98874","1.36155, 103.98894",weekday
540,08.59.00,24,101.1590566321063,"1.3604, 103.98857","1.36126, 103.98888",weekday
541,09.00.00,25,88.7771298199824,"1.36043816666667, 103.9887495","1.36124, 103.98879",weekday
542,09.01.00,23,98.85233720174712,"1.36048, 103.98855","1.36131, 103.98888",weekday
543,09.02.00,19,102.56171317079114,"1.36047, 103.98849","1.36132233333333, 103.9888535",weekday
544,09.03.00,24,68.82732080088249,"1.36058, 103.98858","1.36114, 103.98885",weekday
545,09.04.00,23,112.5957869115259,"1.36048816666667, 103.988567833333","1.36145, 103.9889",weekday
546,09.05.00,19,80.38798812670082,"1.36072, 103.98871","1.36144, 103.98881",weekday
547,09.06.00,12,63.38041131273826,"1.36032, 103.98844","1.36089, 103.9885",weekday
548,09.07.00,24,94.16338720231963,"1.36048, 103.98855","1.36128, 103.98884",weekday
549,09.08.00,26,131.21361661466082,"1.36038, 103.98837","1.36144, 103.9889",weekday
550,09.09.00,17,97.97054170786855,"1.36065, 103.98862","1.36149, 103.9889",weekday
551,09.10.00,30,132.97799837039034,"1.36023, 103.98831","1.36127, 103.98891",weekday
552,09.11.00,32,113.92341383397007,"1.36049, 103.9884","1.3614, 103.98888",weekday
553,09.12.00,25,100.61616146024357,"1.36039, 103.98868","1.36127, 103.98891",weekday
554,09.13.00,25,81.64267292510777,"1.36072, 103.9888","1.36145, 103.98891",weekday
555,09.14.00,30,120.84925946798307,"1.36048, 103.98849","1.3615, 103.98888",weekday
556,09.15.00,28,133.41168114619813,"1.36039, 103.98868","1.36157, 103.98893",weekday
557,09.16.00,32,147.68166178017438,"1.36041, 103.9884","1.36163, 103.98894",weekday
558,09.17.00,26,134.48425385219602,"1.36048, 103.98858","1.36165, 103.98891",weekday
559,09.18.00,29,156.40139806874848,"1.36033, 103.98839","1.36164, 103.98892",weekday
560,09.19.00,26,108.72230175356829,"1.36035, 103.9884","1.36126, 103.98877",weekday
561,09.20.00,29,103.06442605517569,"1.36046, 103.98854","1.36131, 103.98892",weekday
562,09.21.00,26,78.67250497591074,"1.36077, 103.98855","1.36139718333333, 103.988883783333",weekday
563,09.22.00,28,109.70205210239706,"1.36032, 103.98835","1.36115, 103.98889",weekday
564,09.23.00,28,99.41596240965086,"1.36047908333333, 103.988511533333","1.36133, 103.9888",weekday
565,09.24.00,27,97.41426582336207,"1.36046, 103.98854","1.36128, 103.98886",weekday
566,09.25.00,26,109.43683508380676,"1.36041, 103.98836","1.36129, 103.98881",weekday
567,09.26.00,27,109.43683508380676,"1.36041, 103.98836","1.36129, 103.98881",weekday
568,09.27.00,20,133.384052522493,"1.36033, 103.98836","1.36138, 103.98895",weekday
569,09.28.00,22,96.80260965419957,"1.36049, 103.98852","1.3613, 103.98885",weekday
570,09.29.00,12,72.5463743476845,"1.36087, 103.9887","1.36148, 103.98894",weekday
571,09.30.00,12,33.247057684415,"1.3609, 103.98875","1.3612, 103.98877",weekday
572,09.31.00,14,63.723942756905416,"1.36079, 103.9887","1.36133, 103.9889",weekday
573,09.32.00,9,39.66058785512015,"1.36051, 103.98852","1.36086633333333, 103.988560666667",weekday
574,09.33.00,23,118.91811295863943,"1.36047, 103.9885","1.36146383333333, 103.988908333333",weekday
575,09.34.00,9,45.84540765468008,"1.36082516666667, 103.988604","1.36115, 103.98886",weekday
576,09.35.00,16,86.51506569208526,"1.36054, 103.98848","1.36125816666667, 103.9887885",weekday
577,09.36.00,9,44.828085019413436,"1.36048, 103.9885","1.36087, 103.98861",weekday
578,09.37.00,13,56.69498443277843,"1.36071, 103.98862","1.3612, 103.98877",weekday
579,09.38.00,11,47.26173736340319,"1.36077, 103.98864","1.36118, 103.98876",weekday
580,09.39.00,16,70.3731212282215,"1.36066, 103.98864","1.36127883333333, 103.988787666667",weekday
581,09.40.00,16,60.227025554930755,"1.36068, 103.98862","1.36119, 103.98881",weekday
582,09.41.00,0,0,0,0,weekday
583,09.42.00,21,5179.614495135045,"1.3143, 103.98835","1.36114, 103.98884",weekday
584,09.43.00,9,32.591304255816,"1.36102, 103.98876","1.36126, 103.98893",weekday
585,09.44.00,9,41.802255918213326,"1.36094, 103.98873","1.36126, 103.98893",weekday
586,09.45.00,0,0,0,0,weekday
587,09.46.00,9,42.600965718601,"1.36081, 103.9887","1.36116, 103.98886",weekday
588,09.47.00,7,27.290122551798536,"1.36094545, 103.9887188","1.36116, 103.98884",weekday
589,09.48.00,10,31.24726881393585,"1.36094, 103.98879","1.3612, 103.9889",weekday
590,09.49.00,8,33.733659955683464,"1.36086, 103.98868","1.36108, 103.98889",weekday
591,09.50.00,14,80.9725214969054,"1.36056, 103.98857","1.36124, 103.98884",weekday
592,09.51.00,7,45.012145478717436,"1.36053, 103.98846","1.36085, 103.98871",weekday
593,09.52.00,8,43.385162476757564,"1.36048716666667, 103.988528833333","1.36087048333333, 103.98861205",weekday
594,09.53.00,7,21.126824547083594,"1.3605, 103.98859","1.36063826666667, 103.988458983333",weekday
595,09.54.00,18,95.83031842898659,"1.3604605, 103.988462466667","1.36127, 103.98877",weekday
596,09.55.00,15,48.31714705239837,"1.3604536, 103.988527966667","1.36089, 103.98855",weekday
597,09.56.00,23,107.17669520581991,"1.3604497, 103.988529216667","1.36136, 103.98886",weekday
598,09.57.00,24,91.34622286826894,"1.36051, 103.98858","1.3613, 103.98882",weekday
599,09.58.00,23,78.02597465410197,"1.36054, 103.9885","1.36121, 103.98872",weekday
600,09.59.00,24,86.76741656924737,"1.36049, 103.98846","1.36121, 103.98877",weekday
601,10.00.00,26,113.01520833146242,"1.36048, 103.98854","1.36145, 103.98886",weekday
602,10.01.00,24,102.97187748208285,"1.36049, 103.98849","1.36136, 103.98882",weekday
603,10.02.00,21,80.47580199328752,"1.36077, 103.98868","1.36146, 103.98891",weekday
604,10.03.00,27,137.69667302490373,"1.36049, 103.9885","1.36165, 103.98895",weekday
605,10.04.00,22,109.33379153449769,"1.36069, 103.98859","1.36161, 103.98895",weekday
606,10.05.00,26,119.41932037825035,"1.36053, 103.98855","1.36154, 103.98893",weekday
607,10.06.00,22,76.29810907500551,"1.36051, 103.98855","1.36117, 103.98875",weekday
608,10.07.00,19,72.71014650577924,"1.36049, 103.98855","1.36113, 103.9887",weekday
609,10.08.00,23,102.89668677544591,"1.36047, 103.98855","1.36136, 103.98882",weekday
610,10.09.00,22,109.13624485040235,"1.36058, 103.9885","1.36148966666667, 103.9888805",weekday
611,10.10.00,21,87.2192870220122,"1.36051, 103.98859","1.36128, 103.98876",weekday
612,10.11.00,24,113.73618777780678,"1.36051, 103.98859","1.36148, 103.98893",weekday
613,10.12.00,10,44.23914278759588,"1.36094, 103.98875","1.36133315, 103.988823683333",weekday
614,10.13.00,22,106.25423532937862,"1.36046, 103.98853","1.36135, 103.98889",weekday
615,10.14.00,25,124.60517176514483,"1.36049, 103.98857","1.36155, 103.98895",weekday
616,10.15.00,23,98.70103419427686,"1.36048, 103.98849","1.36132, 103.98879",weekday
617,10.16.00,25,112.05615015116454,"1.36047, 103.9885","1.3614, 103.9889",weekday
618,10.17.00,23,77.35643497113833,"1.36043, 103.9885","1.3611, 103.9887",weekday
619,10.18.00,30,131.73706209955137,"1.36047, 103.98852","1.36158, 103.98895",weekday
620,10.19.00,25,123.51200555406298,"1.36045, 103.98855","1.36151, 103.9889",weekday
621,10.20.00,31,124.91429320380776,"1.36045, 103.98855","1.36152, 103.98891",weekday
622,10.21.00,30,96.23035133800626,"1.36048, 103.98855","1.36131, 103.98881",weekday
623,10.22.00,30,117.6091664308254,"1.36048, 103.9885","1.36148, 103.98886",weekday
624,10.23.00,32,101.60095826089213,"1.36045, 103.98852","1.36129, 103.98889",weekday
625,10.24.00,32,84.20234023658243,"1.36046, 103.98854","1.3611, 103.98895",weekday
626,10.25.00,39,133.40592848377753,"1.3602, 103.9884","1.36133, 103.98882",weekday
627,10.26.00,36,122.28260472728155,"1.36037, 103.9884","1.3614, 103.9888",weekday
628,10.27.00,35,108.9583723088597,"1.36046, 103.98854","1.36141, 103.9888",weekday
629,10.28.00,32,119.03758829020029,"1.36035116666667, 103.988606833333","1.36141, 103.9888",weekday
630,10.29.00,33,115.50526704253195,"1.3604, 103.9884","1.3614, 103.9887",weekday
631,10.30.00,43,206.88285167215398,"1.3595, 103.98876","1.36137, 103.9887",weekday
632,10.31.00,33,140.7936037332097,"1.36034533333333, 103.988462333333","1.36154, 103.9889",weekday
633,10.32.00,29,84.12086635481567,"1.36041216666667, 103.988515833333","1.36115, 103.9887",weekday
634,10.33.00,27,87.38014899725988,"1.36042, 103.9884","1.3611, 103.9888",weekday
635,10.34.00,29,93.44746720768781,"1.36033233333333, 103.988648833333","1.36117, 103.98876",weekday
636,10.35.00,44,273.14446600958917,"1.359, 103.98895","1.361469, 103.988872833333",weekday
637,10.36.00,41,204.63923395776177,"1.35942, 103.9888","1.36127, 103.98875",weekday
638,10.37.00,37,161.77100651408355,"1.36025, 103.98839","1.36162, 103.9889",weekday
639,10.38.00,41,231.27297391228512,"1.35938, 103.98879","1.36147, 103.98887",weekday
640,10.39.00,53,247.93766752825815,"1.35911, 103.98894","1.36135, 103.98884",weekday
641,10.40.00,42,220.5191463432536,"1.35945, 103.98877","1.36144, 103.9889",weekday
642,10.41.00,37,164.79042719165167,"1.35948, 103.98873","1.36097, 103.9887",weekday
643,10.42.00,44,212.4087911059069,"1.35939, 103.98886","1.36131, 103.9888",weekday
644,10.43.00,31,105.43515303691613,"1.36029, 103.98836","1.36118, 103.9887",weekday
645,10.44.00,34,114.39608943379635,"1.3603455, 103.988890833333","1.36138, 103.98888",weekday
646,10.45.00,32,104.78501674768819,"1.36036, 103.98857","1.36124166666667, 103.988915166667",weekday
647,10.46.00,32,144.52263731217744,"1.36008, 103.98832","1.36124166666667, 103.988915166667",weekday
648,10.47.00,20,61.826051070151316,"1.36025, 103.98836","1.3608, 103.98846",weekday
649,10.48.00,28,98.24979559730396,"1.36045, 103.98843","1.36127, 103.98877",weekday
650,10.49.00,28,101.54807641759584,"1.36046, 103.98847","1.36127, 103.9889",weekday
651,10.50.00,26,86.79073937801786,"1.36047, 103.98864","1.36121, 103.9889",weekday
652,10.51.00,32,121.66636700179906,"1.36049, 103.9885","1.36151, 103.98891",weekday
653,10.52.00,32,133.3181621819157,"1.36045, 103.98855","1.36159, 103.98894",weekday
654,10.53.00,29,111.68855364240179,"1.36028725, 103.9884049","1.36122, 103.98879",weekday
655,10.54.00,30,74.883503943885,"1.36047, 103.98855","1.36111, 103.98877",weekday
656,10.55.00,37,87.55291840067216,"1.360389, 103.988444833333","1.36111, 103.98877",weekday
657,10.56.00,36,104.57935899982672,"1.360389, 103.988444833333","1.36128, 103.98876",weekday
658,10.57.00,30,77.40955490370833,"1.36046633333333, 103.988650333333","1.36115, 103.9888",weekday
659,10.58.00,30,86.01039360550465,"1.36045991666667, 103.988404316667","1.36114883333333, 103.988763166667",weekday
660,10.59.00,35,128.06071209480965,"1.36037, 103.98844","1.36147, 103.9888",weekday
661,11.00.00,28,92.28772098078038,"1.36044, 103.98839","1.36115033333333, 103.988825383333",weekday
662,11.01.00,30,98.2244605611164,"1.36042, 103.9885","1.36123258333333, 103.988856583333",weekday
663,11.02.00,32,122.45398944555987,"1.36036, 103.98853","1.36141335, 103.98886965",weekday
664,11.03.00,30,114.47185759803759,"1.36042, 103.98858","1.36141335, 103.98886965",weekday
665,11.04.00,31,124.63125000219287,"1.36044, 103.98836","1.36146266666667, 103.988830833333",weekday
666,11.05.00,27,103.02215747922982,"1.36026, 103.98832","1.36115716666667, 103.988569683333",weekday
667,11.06.00,32,136.45526567684692,"1.36035, 103.98835","1.36147783333333, 103.988847666667",weekday
668,11.07.00,31,154.80080567252057,"1.36018, 103.98831","1.361488, 103.988805833333",weekday
669,11.08.00,36,154.80080567252057,"1.36018, 103.98831","1.361488, 103.988805833333",weekday
670,11.09.00,32,127.90123964565558,"1.36019, 103.98834","1.36125, 103.9888",weekday
671,11.10.00,28,101.5048737746287,"1.36043, 103.98839","1.36125, 103.9888",weekday
672,11.11.00,26,122.36673468924488,"1.3604, 103.98841","1.36141831666667, 103.98884045",weekday
673,11.12.00,35,232.82689432391084,"1.35945, 103.9887","1.361544, 103.988919333333",weekday
674,11.13.00,21,90.81646601787396,"1.3605, 103.98837","1.36121933333333, 103.988763833333",weekday
675,11.14.00,24,82.41340921537123,"1.3605, 103.98857","1.36121933333333, 103.988763833333",weekday
676,11.15.00,32,192.51616252643757,"1.35944, 103.98877","1.36118, 103.98883",weekday
677,11.16.00,38,165.1575181788413,"1.35975, 103.9886","1.36123, 103.9888",weekday
678,11.17.00,33,107.86163940901704,"1.36045, 103.9886","1.3614, 103.98882",weekday
679,11.18.00,34,141.12562970591117,"1.36033, 103.9884","1.36148, 103.98895",weekday
680,11.19.00,33,122.85459649437006,"1.36047, 103.98849","1.36148, 103.98895",weekday
681,11.20.00,35,136.61303106518346,"1.36006, 103.98833","1.36125, 103.98866",weekday
682,11.21.00,32,118.33888835190594,"1.36049, 103.98848","1.36145, 103.98895",weekday
683,11.22.00,40,203.67929557820918,"1.35964, 103.98832","1.3614, 103.98886",weekday
684,11.23.00,14,25.290904925146002,"1.36074083333333, 103.988375","1.36096, 103.98844",weekday
685,11.24.00,30,195.19163280360468,"1.35967, 103.98863","1.36142, 103.98886",weekday
686,11.25.00,48,241.06356105821197,"1.35923, 103.9889","1.36141, 103.98892",weekday
687,11.26.00,52,241.06356105821197,"1.35923, 103.9889","1.36141, 103.98892",weekday
688,11.27.00,36,130.516862815072,"1.36045, 103.98847","1.36154, 103.98892",weekday
689,11.28.00,40,187.2697380915725,"1.35991, 103.98848","1.36155, 103.9889",weekday
690,11.29.00,28,115.23652411199502,"1.36052, 103.98849","1.36149583333333, 103.9888535",weekday
691,11.30.00,24,147.0731763546916,"1.36035, 103.98832","1.36155, 103.98889",weekday
692,11.31.00,24,100.48118234887798,"1.36043, 103.98853","1.36133083333333, 103.988648666667",weekday
693,11.32.00,26,90.28937679139344,"1.36045, 103.98855","1.36123, 103.98879",weekday
694,11.33.00,36,212.1826562451729,"1.35936, 103.98883","1.36126916666667, 103.988638166667",weekday
695,11.34.00,28,90.97264652452104,"1.36047, 103.98853","1.36125, 103.98879",weekday
696,11.35.00,29,115.53239547238616,"1.36048, 103.98852","1.36146, 103.98888",weekday
697,11.36.00,27,86.71098684710978,"1.36054, 103.98855","1.36128575, 103.988790933333",weekday
698,11.37.00,32,124.61187346368772,"1.36041, 103.98828","1.36138, 103.98885",weekday
699,11.38.00,35,142.39472909716002,"1.3601795, 103.988347","1.36138, 103.98881",weekday
700,11.39.00,37,281.03878590732177,"1.35896, 103.98895","1.3615, 103.98886",weekday
701,11.40.00,32,112.82824692106355,"1.36048, 103.98849","1.36143, 103.98886",weekday
702,11.41.00,41,245.62515867695407,"1.35933, 103.988833166667","1.36155, 103.98891",weekday
703,11.42.00,30,115.53239478970684,"1.36062, 103.98859","1.3616, 103.98895",weekday
704,11.43.00,33,114.90124109539879,"1.36031, 103.98831","1.36123, 103.98879",weekday
705,11.44.00,39,257.6491348566865,"1.35918, 103.98894","1.36151, 103.98892",weekday
706,11.45.00,39,283.07174804529154,"1.35903, 103.98895","1.36159, 103.98895",weekday
707,11.46.00,30,132.8176701089956,"1.36035, 103.988495333333","1.36148, 103.9889",weekday
708,11.47.00,41,176.881607699609,"1.35972, 103.98823","1.36126, 103.98866",weekday
709,11.48.00,42,205.8204293036186,"1.35972, 103.98823","1.36146833333333, 103.988864666667",weekday
710,11.49.00,36,125.3287155373165,"1.36048, 103.98849","1.36151, 103.98896",weekday
711,11.50.00,37,114.38071103342936,"1.3604, 103.98837","1.36133, 103.98882",weekday
712,11.51.00,40,113.07175754533709,"1.3603, 103.98837","1.36124, 103.98877",weekday
713,11.52.00,36,105.23092756932277,"1.36037, 103.9884","1.36125, 103.98876",weekday
714,11.53.00,43,204.56356796572902,"1.35941, 103.98873","1.36126, 103.98873",weekday
715,11.54.00,37,113.37080996652666,"1.36028, 103.98839","1.36125, 103.98872",weekday
716,11.55.00,48,237.75948065778056,"1.35935, 103.98893","1.3615, 103.9889",weekday
717,11.56.00,29,115.94636084387427,"1.36037, 103.98852","1.36138, 103.9888",weekday
718,11.57.00,46,252.30965568451253,"1.3591, 103.98896","1.36138, 103.98887",weekday
719,11.58.00,37,243.61581311620105,"1.35921, 103.9889","1.3614125, 103.988845833333",weekday
720,11.59.00,49,318.05284559296433,"1.358524, 103.988785","1.3614, 103.98883",weekday
721,12.00.00,47,340.7906367725314,"1.35818, 103.98887","1.36126, 103.98876",weekday
722,12.01.00,32,146.5630487176356,"1.36026, 103.98837","1.36145, 103.98895",weekday
723,12.02.00,34,199.43760112396234,"1.35957, 103.98871","1.36136, 103.98893",weekday
724,12.03.00,33,215.54794381104804,"1.35942266666667, 103.988802166667","1.36137, 103.98889",weekday
725,12.04.00,46,229.99579498049522,"1.35911, 103.98894","1.36119, 103.98894",weekday
726,12.05.00,47,248.91546100657035,"1.35911, 103.98894","1.36136, 103.98887",weekday
727,12.06.00,43,441.9812421989926,"1.35754, 103.98839","1.3615, 103.98893",weekday
728,12.07.00,45,382.8461543216219,"1.35807, 103.98864","1.36152, 103.98893",weekday
729,12.08.00,46,191.9330866302978,"1.3594145, 103.988799333333","1.36115, 103.98883",weekday
730,12.09.00,51,388.3394474332328,"1.35787, 103.9885","1.36136, 103.98889",weekday
731,12.10.00,48,409.44743337559595,"1.35794143333333, 103.988576633333","1.36163, 103.9889",weekday
732,12.11.00,48,415.9390888691381,"1.35789, 103.9885","1.36163, 103.9889",weekday
733,12.12.00,47,415.9390888691381,"1.35789, 103.9885","1.36163, 103.9889",weekday
734,12.13.00,56,369.8270773263078,"1.35788, 103.98849","1.36121, 103.9888",weekday
735,12.14.00,60,393.96772400719465,"1.35776, 103.98832","1.36129, 103.9888",weekday
736,12.15.00,31,314.1037011341858,"1.35839, 103.9888","1.36123, 103.98886",weekday
737,12.16.00,42,356.40966129759335,"1.35811, 103.98866","1.36132, 103.98895",weekday
738,12.17.00,30,116.99971655265415,"1.36045, 103.98848","1.36142, 103.9889",weekday
739,12.18.00,31,462.37005822950954,"1.35731, 103.98819","1.36143, 103.9889",weekday
740,12.19.00,24,105.96073360274724,"1.36048, 103.98853","1.36134, 103.98895",weekday
741,12.20.00,52,462.47119022572207,"1.35717, 103.98817","1.36128, 103.98894",weekday
742,12.21.00,56,451.81196222173395,"1.35718, 103.98817","1.36121, 103.98884",weekday
743,12.22.00,41,398.37444242976835,"1.35763016666667, 103.988436833333","1.36121, 103.98884",weekday
744,12.23.00,41,341.3681204154679,"1.35816, 103.98868","1.36123883333333, 103.988905833333",weekday
745,12.24.00,28,101.45880585949331,"1.36039, 103.98845","1.36121566666667, 103.988847666667",weekday
746,12.25.00,27,83.36824157288973,"1.36046, 103.98872","1.361207, 103.9888215",weekday
747,12.26.00,40,162.56746746677393,"1.35977, 103.9883215","1.36112, 103.9889",weekday
748,12.27.00,46,328.30104939737214,"1.35816, 103.98867","1.36112, 103.9889",weekday
749,12.28.00,47,325.5533751261258,"1.35826, 103.98871","1.3612007, 103.988852366667",weekday
750,12.29.00,30,316.52606548406095,"1.35826, 103.98871","1.36112, 103.98883",weekday
751,12.30.00,54,302.21596773046707,"1.35846, 103.98879","1.36119, 103.98892",weekday
752,12.31.00,52,344.00125660586383,"1.35812, 103.98864","1.36122, 103.9889",weekday
753,12.32.00,48,361.63360590252375,"1.35791, 103.98855","1.36117, 103.98881",weekday
754,12.33.00,25,77.77352612172757,"1.36046, 103.9885","1.36108, 103.98883",weekday
755,12.34.00,34,125.57889730787406,"1.36028, 103.98837","1.36133, 103.9888",weekday
756,12.35.00,46,207.43841686774306,"1.35958, 103.9888","1.36144946666667, 103.988955416667",weekday
757,12.36.00,28,89.17365635871208,"1.36042, 103.9885","1.36113, 103.98888",weekday
758,12.37.00,41,201.9071972060527,"1.359395, 103.988840666667","1.36122, 103.9889",weekday
759,12.38.00,29,117.45777072530976,"1.36045, 103.98843","1.36138, 103.98894",weekday
760,12.39.00,35,5200.87845451305,"1.31432965, 103.98828","1.36136, 103.98893",weekday
761,12.40.00,25,94.07768738391661,"1.36053, 103.98855","1.36129, 103.98893",weekday
762,12.41.00,30,215.72442390010642,"1.3594, 103.9888","1.36135, 103.98886",weekday
763,12.42.00,19,86.68083690445049,"1.36045783333333, 103.988476166667","1.36108, 103.98895",weekday
764,12.43.00,33,113.8978473303156,"1.36049, 103.98849","1.36142, 103.98893",weekday
765,12.44.00,33,131.70953135905572,"1.36044, 103.98841","1.36151, 103.98893",weekday
766,12.45.00,32,120.71972652159259,"1.36047, 103.9886","1.36151, 103.98893",weekday
767,12.46.00,35,150.82617260476619,"1.36029, 103.98834","1.36152546666667, 103.988914366667",weekday
768,12.47.00,27,130.00523246582324,"1.36027166666667, 103.988421","1.3613674, 103.988844516667",weekday
769,12.48.00,28,199.4573693101408,"1.35963, 103.98831","1.36132466666667, 103.988924",weekday
770,12.49.00,25,245.38818488281626,"1.35928, 103.98885","1.36149916666667, 103.988862666667",weekday
771,12.50.00,17,183.4297192891456,"1.35973, 103.9883","1.36132, 103.98877",weekday
772,12.51.00,20,105.679638218219,"1.360454, 103.9885055","1.3613531, 103.988827516667",weekday
773,12.52.00,23,112.90050300602002,"1.36054, 103.98846","1.36146, 103.9889",weekday
774,12.53.00,25,141.91517307290312,"1.36038, 103.98837","1.36152316666667, 103.988949666667",weekday
775,12.54.00,26,90.84278554920245,"1.36045, 103.9886","1.36121, 103.98891",weekday
776,12.55.00,28,92.74557811119092,"1.36045, 103.9886","1.36124, 103.98888",weekday
777,12.56.00,33,134.56135846232368,"1.36046, 103.98844","1.36155983333333, 103.9889575",weekday
778,12.57.00,21,138.2638060498535,"1.36035, 103.98857","1.36154618333333, 103.9889319",weekday
779,12.58.00,33,110.22042425724698,"1.36034766666667, 103.988499166667","1.36125, 103.98892",weekday
780,12.59.00,31,90.77753433005765,"1.36048558333333, 103.988612516667","1.36125, 103.98891",weekday
781,13.00.00,27,78.50624029546502,"1.36063, 103.9886","1.36129, 103.98886",weekday
782,13.01.00,15,34.93372997580754,"1.3609805, 103.988797","1.36129, 103.98886",weekday
783,13.02.00,8,22.044820417361798,"1.36102, 103.98878","1.36121, 103.98884",weekday
784,13.03.00,17,86.8184803225734,"1.36023, 103.98834","1.36091, 103.98873",weekday
785,13.04.00,13,64.97521603883611,"1.3607, 103.98859","1.36121, 103.98888",weekday
786,13.05.00,22,107.89899668105737,"1.3605, 103.98855","1.36141, 103.9889",weekday
787,13.06.00,25,117.3766051492663,"1.36048, 103.98846","1.36142, 103.98895",weekday
788,13.07.00,25,117.3766051492663,"1.36048, 103.98846","1.36142, 103.98895",weekday
789,13.08.00,20,75.26138011198991,"1.36074, 103.98861","1.36137565, 103.988851783333",weekday
790,13.09.00,15,48.566060345947,"1.36088, 103.9886","1.36124, 103.98885",weekday
791,13.10.00,14,49.20083522303806,"1.36086, 103.98862","1.36124, 103.98885",weekday
792,13.11.00,23,100.04942232600331,"1.3605, 103.98848","1.3613, 103.9889",weekday
793,13.12.00,17,84.29587278023715,"1.36051, 103.98853","1.36121, 103.98883",weekday
794,13.13.00,19,80.06501330436696,"1.36048, 103.98854","1.36114216666667, 103.988831083333",weekday
795,13.14.00,9,37.9402989304373,"1.36041, 103.98863","1.360748, 103.988571333333",weekday
796,13.15.00,11,18.824657691764305,"1.36107, 103.98882","1.36122, 103.9889",weekday
797,13.16.00,11,45.51527578418475,"1.36080661666667, 103.9886796","1.3612, 103.9888",weekday
798,13.17.00,11,28.776987862909827,"1.36107, 103.98873","1.36131, 103.98883",weekday
799,13.18.00,0,0,0,0,weekday
800,13.19.00,11,42.734507523276825,"1.36093, 103.9889","1.36131, 103.98883",weekday
801,13.20.00,10,43.25325684625259,"1.36092, 103.9888","1.36131, 103.98883",weekday
802,13.21.00,10,40.94055838812944,"1.36086, 103.98871","1.36121, 103.98883",weekday
803,13.22.00,11,50.72224722503915,"1.36066, 103.98872","1.36110051666667, 103.9888471",weekday
804,13.23.00,0,0,0,0,weekday
805,13.24.00,7,11.919908755285894,"1.36103, 103.98888","1.36113, 103.98884",weekday
806,13.25.00,12,42.14793608643199,"1.36081, 103.98873","1.36116, 103.98888",weekday
807,13.26.00,9,34.922523524753956,"1.36092, 103.9888","1.36123, 103.98886",weekday
808,13.27.00,0,0,0,0,weekday
809,13.28.00,14,77.68991386054468,"1.36065, 103.98867","1.36135, 103.98873",weekday
810,13.29.00,15,75.98091593113621,"1.3606, 103.98862","1.36126, 103.98881",weekday
811,13.30.00,9,41.48709153983186,"1.36044, 103.98852","1.36075, 103.98873",weekday
812,13.31.00,15,60.0240329790276,"1.36065, 103.98864","1.36115, 103.98885",weekday
813,13.32.00,21,83.01730286145283,"1.36055, 103.98855","1.36119, 103.98894",weekday
814,13.33.00,15,63.065633675853384,"1.36062, 103.98871","1.36117, 103.98886",weekday
815,13.34.00,18,85.1337754179815,"1.36059, 103.9885","1.36124, 103.98891",weekday
816,13.35.00,30,5205.428879460569,"1.31432, 103.9882","1.36139, 103.98895",weekday
817,13.36.00,13,68.69286272708622,"1.36083, 103.98879","1.36143, 103.98895",weekday
818,13.37.00,23,105.46976764790998,"1.36047, 103.9885","1.36132, 103.98893",weekday
819,13.38.00,22,94.91418268426234,"1.3604525, 103.988553333333","1.36128, 103.98878",weekday
820,13.39.00,14,39.86914198448596,"1.36092, 103.98876","1.36128, 103.98878",weekday
821,13.40.00,23,105.01581928170195,"1.36053, 103.98852","1.36138716666667, 103.988926333333",weekday
822,13.41.00,26,128.35072284435824,"1.36037, 103.98842","1.36143, 103.98889",weekday
823,13.42.00,23,102.19920970124546,"1.36048, 103.98858","1.36135, 103.98889",weekday
824,13.43.00,13,62.914053643712556,"1.36087, 103.98872","1.36143, 103.98882",weekday
825,13.44.00,27,95.27969230895238,"1.36045, 103.98855","1.36128, 103.98878",weekday
826,13.45.00,30,139.65547574432276,"1.3604, 103.98837","1.36152, 103.98895",weekday
827,13.46.00,25,102.32612550891314,"1.36049, 103.98841","1.36126, 103.98892",weekday
828,13.47.00,28,127.35405869719807,"1.36042, 103.9884","1.36143, 103.98895",weekday
829,13.48.00,27,118.01422128045732,"1.36046, 103.9885","1.36144, 103.98892",weekday
830,13.49.00,21,68.02691474744884,"1.36094, 103.9887","1.36151, 103.98893",weekday
831,13.50.00,26,100.42343592151617,"1.36047, 103.9884","1.36119, 103.98895",weekday
832,13.51.00,26,107.4196343658085,"1.36048, 103.98857","1.3614, 103.98888",weekday
833,13.52.00,24,115.13982846203916,"1.3603825, 103.988393","1.36126, 103.98895",weekday
834,13.53.00,32,191.29781693968926,"1.35948, 103.98882","1.36121, 103.98881",weekday
835,13.54.00,33,5180.57136452829,"1.31435, 103.98841","1.3612, 103.98875",weekday
836,13.55.00,23,87.3517275678591,"1.36045, 103.98838","1.36118, 103.98868",weekday
837,13.56.00,27,5189.752790429545,"1.3143, 103.98823","1.36123, 103.98886",weekday
838,13.57.00,37,5194.089541838963,"1.3143, 103.98823","1.36127, 103.9888",weekday
839,13.58.00,30,5187.390484470727,"1.31436, 103.98828","1.36127, 103.9888",weekday
840,13.59.00,36,5208.579254279815,"1.31437, 103.98828","1.36147, 103.98893",weekday
841,14.00.00,35,218.01965070752325,"1.35971, 103.98823","1.36157, 103.98888",weekday
842,14.01.00,16,71.32424446841597,"1.36076, 103.98858","1.36133, 103.98888",weekday
843,14.02.00,36,243.99935239354485,"1.35911, 103.98894","1.36131, 103.98877",weekday
844,14.03.00,43,431.0920641693053,"1.35742, 103.98831","1.36127, 103.98892",weekday
845,14.04.00,28,410.7025798454277,"1.35751, 103.98834","1.36119, 103.98884",weekday
846,14.05.00,43,5203.939630020472,"1.31426, 103.9884","1.36132, 103.98889",weekday
847,14.06.00,27,112.95882527057475,"1.36046, 103.9885","1.36139, 103.98892",weekday
848,14.07.00,25,188.45547700327725,"1.3597, 103.9885","1.36137666666667, 103.988803833333",weekday
849,14.08.00,21,107.46562037162964,"1.36046333333333, 103.988443","1.36133, 103.98888",weekday
850,14.09.00,16,68.98480675205391,"1.36071, 103.98873","1.36132, 103.98886",weekday
851,14.10.00,21,118.37307321956682,"1.36042, 103.9884","1.36139, 103.98885",weekday
852,14.11.00,26,114.26562717255426,"1.36043, 103.98847","1.36139, 103.98885",weekday
853,14.12.00,33,187.80069626052637,"1.35978, 103.9885","1.36143, 103.9889",weekday
854,14.13.00,28,110.91035241721865,"1.36039, 103.98844","1.36129566666667, 103.988868333333",weekday
855,14.14.00,26,111.75495591060654,"1.36036216666667, 103.988388666667","1.36127, 103.98883",weekday
856,14.15.00,16,113.01520840694769,"1.36046, 103.98859","1.36143, 103.98891",weekday
857,14.16.00,17,88.17928227009104,"1.36051, 103.98859","1.36127, 103.98883",weekday
858,14.17.00,18,85.30545652563205,"1.3606, 103.98845","1.36127, 103.98883",weekday
859,14.18.00,8,26.61640491859948,"1.361, 103.98877","1.36124066666667, 103.9887655",weekday
860,14.19.00,8,36.7877909376745,"1.36089, 103.98873","1.3612, 103.98885",weekday
861,14.20.00,18,80.21259015068405,"1.36055, 103.98853","1.3612, 103.98885",weekday
862,14.21.00,20,95.52056904727893,"1.36051, 103.98859","1.36133, 103.98886",weekday
863,14.22.00,16,66.13446133298926,"1.36079, 103.98872","1.36136, 103.9889",weekday
864,14.23.00,13,55.9267350145131,"1.36089, 103.98867","1.36131, 103.98895",weekday
865,14.24.00,8,31.247268445263902,"1.36115, 103.98879","1.36141, 103.9889",weekday
866,14.25.00,13,58.51858256941045,"1.3608, 103.98864","1.36126, 103.9889",weekday
867,14.26.00,11,58.51858256941045,"1.3608, 103.98864","1.36126, 103.9889",weekday
868,14.27.00,9,21.29962334319722,"1.36109, 103.98895","1.36126, 103.98886",weekday
869,14.28.00,8,38.27963320080712,"1.36082766666667, 103.988713666667","1.36116, 103.98881",weekday
870,14.29.00,12,45.89279849777187,"1.36095, 103.9888","1.36135, 103.98891",weekday
871,14.30.00,10,34.323958758172864,"1.36104, 103.98883","1.36133, 103.98894",weekday
872,14.31.00,10,22.04482034456203,"1.36113, 103.9888","1.36132, 103.98886",weekday
873,14.32.00,15,73.84083055101075,"1.36079, 103.98868","1.3614, 103.98895",weekday
874,14.33.00,0,0,0,0,weekday
875,14.34.00,0,0,0,0,weekday
876,14.35.00,0,0,0,0,weekday
877,14.36.00,0,0,0,0,weekday
878,14.37.00,0,0,0,0,weekday
879,14.38.00,0,0,0,0,weekday
880,14.39.00,0,0,0,0,weekday
881,14.40.00,0,0,0,0,weekday
882,14.41.00,0,0,0,0,weekday
883,14.42.00,0,0,0,0,weekday
884,14.43.00,7,22.804277397462233,"1.36117, 103.98889","1.36137, 103.98894",weekday
885,14.44.00,0,0,0,0,weekday
886,14.45.00,0,0,0,0,weekday
887,14.46.00,0,0,0,0,weekday
888,14.47.00,0,0,0,0,weekday
889,14.48.00,0,0,0,0,weekday
890,14.49.00,7,18.24342195448596,"1.36107, 103.9889","1.36123, 103.98894",weekday
891,14.50.00,0,0,0,0,weekday
892,14.51.00,0,0,0,0,weekday
893,14.52.00,7,20.2014273917461,"1.36116, 103.98882","1.36133983333333, 103.988852",weekday
894,14.53.00,0,0,0,0,weekday
895,14.54.00,0,0,0,0,weekday
896,14.55.00,0,0,0,0,weekday
897,14.56.00,0,0,0,0,weekday
898,14.57.00,0,0,0,0,weekday
899,14.58.00,0,0,0,0,weekday
900,14.59.00,8,16.908506693473825,"1.36121, 103.98882","1.36134, 103.9889",weekday
901,15.00.00,10,20.34801429816453,"1.36115, 103.98883","1.36132, 103.9889",weekday
902,15.01.00,10,16.58623536607097,"1.36117, 103.9889","1.36132, 103.9889",weekday
903,15.02.00,9,35.6628851685665,"1.36108, 103.98892","1.3614, 103.98888",weekday
904,15.03.00,0,0,0,0,weekday
905,15.04.00,0,0,0,0,weekday
906,15.05.00,0,0,0,0,weekday
907,15.06.00,0,0,0,0,weekday
908,15.07.00,0,0,0,0,weekday
909,15.08.00,0,0,0,0,weekday
910,15.09.00,0,0,0,0,weekday
911,15.10.00,0,0,0,0,weekday
912,15.11.00,0,0,0,0,weekday
913,15.12.00,0,0,0,0,weekday
914,15.13.00,0,0,0,0,weekday
915,15.14.00,7,12.36521016768499,"1.36118, 103.98894","1.36129, 103.98892",weekday
916,15.15.00,0,0,0,0,weekday
917,15.16.00,19,56.07998539488829,"1.36087, 103.98862","1.36136, 103.98875",weekday
918,15.17.00,15,29.9380762970247,"1.36108, 103.98893","1.36135, 103.98891",weekday
919,15.18.00,16,32.086027307166866,"1.36104, 103.98885","1.36133, 103.98886",weekday
920,15.19.00,12,21.126803819633054,"1.36114, 103.98884","1.36133, 103.98886",weekday
921,15.20.00,8,20.666671709833352,"1.36114, 103.98884","1.36132, 103.98889",weekday
922,15.21.00,12,72.14406820614757,"1.36079, 103.98872","1.3614, 103.98895",weekday
923,15.22.00,21,98.10442293888562,"1.36046533333333, 103.988508666667","1.36127, 103.98888",weekday
924,15.23.00,25,148.09301241603248,"1.35975, 103.98854","1.36105, 103.98886",weekday
925,15.24.00,25,77.06570479002954,"1.36049, 103.9886","1.36117266666667, 103.9887395",weekday
926,15.25.00,15,44.18726694310936,"1.36083, 103.98871","1.3612, 103.98886",weekday
927,15.26.00,23,89.29025830351259,"1.3605, 103.9885","1.3612, 103.9889",weekday
928,15.27.00,31,91.27783854234164,"1.36047516666667, 103.988538","1.36123, 103.98887",weekday
929,15.28.00,30,119.02530116165637,"1.3604505, 103.988547666667","1.36148, 103.98886",weekday
930,15.29.00,27,102.26821380388951,"1.36048883333333, 103.9885505","1.36134, 103.98891",weekday
931,15.30.00,24,157.46587784377266,"1.36001503333333, 103.9883346","1.36137, 103.98877",weekday
932,15.31.00,27,130.27281157146766,"1.36026, 103.98835","1.3613, 103.9889",weekday
933,15.32.00,26,101.7400733858228,"1.36046, 103.98835","1.36131, 103.9887",weekday
934,15.33.00,26,92.89239681122285,"1.36046, 103.98855","1.36124, 103.98886",weekday
935,15.34.00,29,91.12668641634578,"1.36049, 103.98857","1.36122, 103.98895",weekday
936,15.35.00,14,57.75263344420752,"1.3607, 103.98862","1.3612, 103.98877",weekday
937,15.36.00,13,56.94175806656521,"1.3607, 103.98862","1.36116, 103.98885",weekday
938,15.37.00,28,101.82223822193585,"1.36057, 103.98879","1.36148, 103.98893",weekday
939,15.38.00,19,98.41617355845999,"1.36072466666667, 103.988839166667","1.36161, 103.98893",weekday
940,15.39.00,21,97.82659353314322,"1.3603, 103.98837","1.36112, 103.9887",weekday
941,15.40.00,37,220.1572156154525,"1.35936916666667, 103.988837333333","1.36136, 103.98881",weekday
942,15.41.00,27,104.16300391800334,"1.36054616666667, 103.9885945","1.36144, 103.98889",weekday
943,15.42.00,37,170.9593030179912,"1.35972, 103.98855","1.36123, 103.98888",weekday
944,15.43.00,43,265.61300793113384,"1.35914, 103.9888","1.36154, 103.9889",weekday
945,15.44.00,37,131.21361470525576,"1.36057, 103.9884","1.36163, 103.98893",weekday
946,15.45.00,31,132.20228337402204,"1.36056, 103.9884","1.36163, 103.98893",weekday
947,15.46.00,42,192.36340259993855,"1.35993, 103.98831","1.36155, 103.98894",weekday
948,15.47.00,34,130.40170763297894,"1.36048, 103.9884","1.3615605, 103.9888695",weekday
949,15.48.00,34,131.28217301767495,"1.36044, 103.9884","1.36152, 103.98889",weekday
950,15.49.00,24,73.2983064172937,"1.36094, 103.98864","1.36154, 103.98892",weekday
951,15.50.00,30,97.0268405524367,"1.3606195, 103.988729333333","1.36148, 103.9889",weekday
952,15.51.00,25,100.06966886589262,"1.36052, 103.98858","1.36138, 103.98886",weekday
953,15.52.00,22,68.5408368847764,"1.36089086666667, 103.9887085","1.36148, 103.9889",weekday
954,15.53.00,13,52.78272500115196,"1.36084916666667, 103.9886985","1.36126, 103.98894",weekday
955,15.54.00,13,55.68902689656738,"1.36089, 103.98871","1.3613902, 103.988768316667",weekday
956,15.55.00,0,0,0,0,weekday
957,15.56.00,0,0,0,0,weekday
958,15.57.00,0,0,0,0,weekday
959,15.58.00,0,0,0,0,weekday
960,15.59.00,0,0,0,0,weekday
961,16.00.00,0,0,0,0,weekday
962,16.01.00,0,0,0,0,weekday
963,16.02.00,0,0,0,0,weekday
964,16.03.00,0,0,0,0,weekday
965,16.04.00,0,0,0,0,weekday
966,16.05.00,0,0,0,0,weekday
967,16.06.00,0,0,0,0,weekday
968,16.07.00,0,0,0,0,weekday
969,16.08.00,0,0,0,0,weekday
970,16.09.00,0,0,0,0,weekday
971,16.10.00,0,0,0,0,weekday
972,16.11.00,0,0,0,0,weekday
973,16.12.00,0,0,0,0,weekday
974,16.13.00,0,0,0,0,weekday
975,16.14.00,0,0,0,0,weekday
976,16.15.00,0,0,0,0,weekday
977,16.16.00,9,37.83937985379079,"1.36117, 103.98883","1.3615, 103.98892",weekday
978,16.17.00,0,0,0,0,weekday
979,16.18.00,0,0,0,0,weekday
980,16.19.00,10,44.28592874455227,"1.36118, 103.98882","1.36158, 103.9888",weekday
981,16.20.00,0,0,0,0,weekday
982,16.21.00,0,0,0,0,weekday
983,16.22.00,0,0,0,0,weekday
984,16.23.00,0,0,0,0,weekday
985,16.24.00,0,0,0,0,weekday
986,16.25.00,0,0,0,0,weekday
987,16.26.00,0,0,0,0,weekday
988,16.27.00,0,0,0,0,weekday
989,16.28.00,0,0,0,0,weekday
990,16.29.00,0,0,0,0,weekday
991,16.30.00,7,38.61080646486727,"1.31437, 103.9883","1.31464, 103.98852",weekday
992,16.31.00,0,0,0,0,weekday
993,16.32.00,0,0,0,0,weekday
994,16.33.00,0,0,0,0,weekday
995,16.34.00,0,0,0,0,weekday
996,16.35.00,0,0,0,0,weekday
997,16.36.00,0,0,0,0,weekday
998,16.37.00,0,0,0,0,weekday
999,16.38.00,0,0,0,0,weekday
1000,16.39.00,0,0,0,0,weekday
1001,16.40.00,0,0,0,0,weekday
1002,16.41.00,0,0,0,0,weekday
1003,16.42.00,0,0,0,0,weekday
1004,16.43.00,0,0,0,0,weekday
1005,16.44.00,0,0,0,0,weekday
1006,16.45.00,0,0,0,0,weekday
1007,16.46.00,0,0,0,0,weekday
1008,16.47.00,0,0,0,0,weekday
1009,16.48.00,0,0,0,0,weekday
1010,16.49.00,0,0,0,0,weekday
1011,16.50.00,0,0,0,0,weekday
1012,16.51.00,0,0,0,0,weekday
1013,16.52.00,0,0,0,0,weekday
1014,16.53.00,0,0,0,0,weekday
1015,16.54.00,0,0,0,0,weekday
1016,16.55.00,0,0,0,0,weekday
1017,16.56.00,0,0,0,0,weekday
1018,16.57.00,0,0,0,0,weekday
1019,16.58.00,0,0,0,0,weekday
1020,16.59.00,0,0,0,0,weekday
1021,17.00.00,0,0,0,0,weekday
1022,17.01.00,0,0,0,0,weekday
1023,17.02.00,0,0,0,0,weekday
1024,17.03.00,0,0,0,0,weekday
1025,17.04.00,0,0,0,0,weekday
1026,17.05.00,17,75.76148232600966,"1.36079, 103.98864","1.3614, 103.98895",weekday
1027,17.06.00,37,218.11956801026875,"1.35949, 103.98877","1.36145768333333, 103.988908233333",weekday
1028,17.07.00,26,181.47316693472183,"1.35972, 103.98861","1.36135, 103.9888",weekday
1029,17.08.00,15,36.87625923791752,"1.36112, 103.98876","1.3614, 103.98894",weekday
1030,17.09.00,29,195.9834520203021,"1.35972266666667, 103.988650833333","1.36148, 103.98888",weekday
1031,17.10.00,20,64.43124605757063,"1.36076, 103.98876","1.36132, 103.98892",weekday
1032,17.11.00,21,171.8272679263835,"1.35977, 103.98854","1.3613, 103.98881",weekday
1033,17.12.00,14,41.029812413031785,"1.36109, 103.9887","1.36138, 103.98893",weekday
1034,17.13.00,17,41.029812413031785,"1.36109, 103.9887","1.36138, 103.98893",weekday
1035,17.14.00,12,33.81701347847491,"1.36112, 103.98877","1.36138, 103.98893",weekday
1036,17.15.00,0,0,0,0,weekday
1037,17.16.00,15,169.6502874197741,"1.35978, 103.98852","1.36129, 103.98879",weekday
1038,17.17.00,8,27.708062721647895,"1.36104, 103.98864","1.36124, 103.98879",weekday
1039,17.18.00,9,33.247057716513076,"1.36105, 103.98883","1.36135, 103.98885",weekday
1040,17.19.00,7,17.494739468107007,"1.3612, 103.9889","1.36135, 103.98885",weekday
1041,17.20.00,14,53.50246277963922,"1.36104, 103.98884","1.36148, 103.98864",weekday
1042,17.21.00,15,42.12403472052987,"1.36117, 103.98886","1.36148, 103.98864",weekday
1043,17.22.00,11,47.189132255712934,"1.36117, 103.98886","1.36145, 103.98854",weekday
1044,17.23.00,0,0,0,0,weekday
1045,17.24.00,0,0,0,0,weekday
1046,17.25.00,9,27.886090748653835,"1.36108, 103.9887","1.36127758333333, 103.988855716667",weekday
1047,17.26.00,0,0,0,0,weekday
1048,17.27.00,0,0,0,0,weekday
1049,17.28.00,0,0,0,0,weekday
1050,17.29.00,9,29.82525898310958,"1.35976, 103.98855","1.35999, 103.98841",weekday
1051,17.30.00,9,30.22535878263867,"1.35976, 103.98853","1.36, 103.9884",weekday
1052,17.31.00,11,38.149055610061204,"1.35965, 103.9886","1.35998, 103.9885",weekday
1053,17.32.00,0,0,0,0,weekday
1054,17.33.00,0,0,0,0,weekday
1055,17.34.00,0,0,0,0,weekday
1056,17.35.00,0,0,0,0,weekday
1057,17.36.00,0,0,0,0,weekday
1058,17.37.00,0,0,0,0,weekday
1059,17.38.00,9,29.283015531035016,"1.36105, 103.98886","1.36131, 103.98891",weekday
1060,17.39.00,0,0,0,0,weekday
1061,17.40.00,0,0,0,0,weekday
1062,17.41.00,0,0,0,0,weekday
1063,17.42.00,0,0,0,0,weekday
1064,17.43.00,0,0,0,0,weekday
1065,17.44.00,0,0,0,0,weekday
1066,17.45.00,0,0,0,0,weekday
1067,17.46.00,0,0,0,0,weekday
1068,17.47.00,0,0,0,0,weekday
1069,17.48.00,0,0,0,0,weekday
1070,17.49.00,0,0,0,0,weekday
1071,17.50.00,0,0,0,0,weekday
1072,17.51.00,0,0,0,0,weekday
1073,17.52.00,0,0,0,0,weekday
1074,17.53.00,0,0,0,0,weekday
1075,17.54.00,0,0,0,0,weekday
1076,17.55.00,0,0,0,0,weekday
1077,17.56.00,0,0,0,0,weekday
1078,17.57.00,0,0,0,0,weekday
1079,17.58.00,0,0,0,0,weekday
1080,17.59.00,0,0,0,0,weekday
1081,18.00.00,0,0,0,0,weekday
1082,18.01.00,12,62.06713149351462,"1.35963, 103.9886","1.36005, 103.98823",weekday
1083,18.02.00,0,0,0,0,weekday
1084,18.03.00,14,173.11982318698767,"1.35985, 103.98855","1.36138, 103.98888",weekday
1085,18.04.00,28,205.71539002910254,"1.35948, 103.98886","1.36133915, 103.9889282",weekday
1086,18.05.00,15,159.3250547211415,"1.35828, 103.98861","1.35972, 103.98866",weekday
1087,18.06.00,20,176.5980706046517,"1.35972, 103.98859","1.36128, 103.98893",weekday
1088,18.07.00,22,176.5980706046517,"1.35972, 103.98859","1.36128, 103.98893",weekday
1089,18.08.00,13,43.077987341383654,"1.36106, 103.98873","1.36141, 103.9889",weekday
1090,18.09.00,13,15.639676797987407,"1.36119, 103.98888","1.36133, 103.9889",weekday
1091,18.10.00,19,100.78494760624565,"1.36046, 103.98855","1.36132, 103.98885",weekday
1092,18.11.00,11,37.91459546796139,"1.36103, 103.98873","1.3613, 103.98894",weekday
1093,18.12.00,23,165.33337631300566,"1.35979, 103.9885","1.36123, 103.9889",weekday
1094,18.13.00,26,171.45204891427554,"1.35973, 103.9886","1.36126, 103.98885",weekday
1095,18.14.00,20,52.20190739653594,"1.36094, 103.98873","1.36138, 103.9889",weekday
1096,18.15.00,20,49.12489704238502,"1.36094, 103.98873","1.36135, 103.9889",weekday
1097,18.16.00,16,29.87595833984226,"1.36102, 103.9888","1.36129, 103.98881",weekday
1098,18.17.00,10,15.028842035805578,"1.36111, 103.98883","1.36124066666667, 103.988867166667",weekday
1099,18.18.00,13,41.62662858026347,"1.36098, 103.98877","1.36131, 103.98895",weekday
1100,18.19.00,0,0,0,0,weekday
1101,18.20.00,0,0,0,0,weekday
1102,18.21.00,0,0,0,0,weekday
1103,18.22.00,0,0,0,0,weekday
1104,18.23.00,8,21.51431680007961,"1.36101, 103.98884","1.36117, 103.98895",weekday
1105,18.24.00,0,0,0,0,weekday
1106,18.25.00,0,0,0,0,weekday
1107,18.26.00,0,0,0,0,weekday
1108,18.27.00,0,0,0,0,weekday
1109,18.28.00,8,22.22670441551797,"1.35972, 103.98859","1.35992, 103.98857",weekday
1110,18.29.00,9,51.25203749625337,"1.36091726666667, 103.988540233333","1.3613, 103.9888",weekday
1111,18.30.00,15,186.82288802550593,"1.35964, 103.98862","1.36130181666667, 103.988922966667",weekday
1112,18.31.00,9,47.261737136830476,"1.36096, 103.98877","1.36137, 103.98889",weekday
1113,18.32.00,0,0,0,0,weekday
1114,18.33.00,0,0,0,0,weekday
1115,18.34.00,0,0,0,0,weekday
1116,18.35.00,0,0,0,0,weekday
1117,18.36.00,0,0,0,0,weekday
1118,18.37.00,16,192.71688778598147,"1.35974, 103.98864","1.36147, 103.98885",weekday
1119,18.38.00,10,29.786224873094188,"1.36121, 103.98892","1.36147, 103.98885",weekday
1120,18.39.00,17,212.95859355991436,"1.35946, 103.98884","1.3613859, 103.988849066667",weekday
1121,18.40.00,8,24.757285452324542,"1.36118, 103.98884","1.36138, 103.98894",weekday
1122,18.41.00,8,43.16548177172976,"1.36102, 103.98879","1.36138, 103.98894",weekday
1123,18.42.00,0,0,0,0,weekday
1124,18.43.00,0,0,0,0,weekday
1125,18.44.00,0,0,0,0,weekday
1126,18.45.00,12,55.314389816724145,"1.3609, 103.98863","1.36132, 103.9889",weekday
1127,18.46.00,0,0,0,0,weekday
1128,18.47.00,11,17.831442585145975,"1.36119, 103.98888","1.36135, 103.98886",weekday
1129,18.48.00,0,0,0,0,weekday
1130,18.49.00,0,0,0,0,weekday
1131,18.50.00,0,0,0,0,weekday
1132,18.51.00,0,0,0,0,weekday
1133,18.52.00,0,0,0,0,weekday
1134,18.53.00,7,14.388493884698233,"1.36119, 103.9889","1.36131, 103.98895",weekday
1135,18.54.00,11,42.59925181962635,"1.35958, 103.98872","1.35992, 103.98854",weekday
1136,18.55.00,7,32.240056059427666,"1.36103, 103.98891","1.36132, 103.98888",weekday
1137,18.56.00,11,35.17929131148229,"1.36108, 103.9888","1.36137, 103.98893",weekday
1138,18.57.00,20,83.29355250039143,"1.36066, 103.98864","1.36138, 103.98886",weekday
1139,18.58.00,0,0,0,0,weekday
1140,18.59.00,0,0,0,0,weekday
1141,19.00.00,0,0,0,0,weekday
1142,19.01.00,0,0,0,0,weekday
1143,19.02.00,0,0,0,0,weekday
1144,19.03.00,7,21.475659205294647,"1.36118, 103.98886","1.36137, 103.98882",weekday
1145,19.04.00,0,0,0,0,weekday
1146,19.05.00,7,44.57723510171161,"1.3609725, 103.988725333333","1.36134, 103.98889",weekday
1147,19.06.00,0,0,0,0,weekday
1148,19.07.00,0,0,0,0,weekday
1149,19.08.00,0,0,0,0,weekday
1150,19.09.00,0,0,0,0,weekday
1151,19.10.00,12,38.13115713097386,"1.36106, 103.98873","1.36134, 103.98893",weekday
1152,19.11.00,11,41.31697250336943,"1.35961, 103.98854","1.35996, 103.98841",weekday
1153,19.12.00,0,0,0,0,weekday
1154,19.13.00,0,0,0,0,weekday
1155,19.14.00,0,0,0,0,weekday
1156,19.15.00,0,0,0,0,weekday
1157,19.16.00,0,0,0,0,weekday
1158,19.17.00,0,0,0,0,weekday
1159,19.18.00,0,0,0,0,weekday
1160,19.19.00,0,0,0,0,weekday
1161,19.20.00,0,0,0,0,weekday
1162,19.21.00,0,0,0,0,weekday
1163,19.22.00,7,13.526085744676841,"1.36117, 103.98882","1.36127, 103.98889",weekday
1164,19.23.00,0,0,0,0,weekday
1165,19.24.00,0,0,0,0,weekday
1166,19.25.00,8,20.02754718686037,"1.36121, 103.98886","1.36139, 103.98884",weekday
1167,19.26.00,0,0,0,0,weekday
1168,19.27.00,0,0,0,0,weekday
1169,19.28.00,0,0,0,0,weekday
1170,19.29.00,0,0,0,0,weekday
1171,19.30.00,0,0,0,0,weekday
1172,19.31.00,0,0,0,0,weekday
1173,19.32.00,0,0,0,0,weekday
1174,19.33.00,0,0,0,0,weekday
1175,19.34.00,0,0,0,0,weekday
1176,19.35.00,7,31.925989059644493,"1.35981, 103.9883","1.36009, 103.98823",weekday
1177,19.36.00,0,0,0,0,weekday
1178,19.37.00,0,0,0,0,weekday
1179,19.38.00,0,0,0,0,weekday
1180,19.39.00,0,0,0,0,weekday
1181,19.40.00,0,0,0,0,weekday
1182,19.41.00,0,0,0,0,weekday
1183,19.42.00,0,0,0,0,weekday
1184,19.43.00,0,0,0,0,weekday
1185,19.44.00,0,0,0,0,weekday
1186,19.45.00,0,0,0,0,weekday
1187,19.46.00,0,0,0,0,weekday
1188,19.47.00,8,33.817013625640115,"1.36108, 103.9887","1.36134, 103.98886",weekday
1189,19.48.00,0,0,0,0,weekday
1190,19.49.00,0,0,0,0,weekday
1191,19.50.00,0,0,0,0,weekday
1192,19.51.00,0,0,0,0,weekday
1193,19.52.00,0,0,0,0,weekday
1194,19.53.00,0,0,0,0,weekday
1195,19.54.00,0,0,0,0,weekday
1196,19.55.00,0,0,0,0,weekday
1197,19.56.00,0,0,0,0,weekday
1198,19.57.00,0,0,0,0,weekday
1199,19.58.00,0,0,0,0,weekday
1200,19.59.00,0,0,0,0,weekday
1201,20.00.00,0,0,0,0,weekday
1202,20.01.00,0,0,0,0,weekday
1203,20.02.00,0,0,0,0,weekday
1204,20.03.00,0,0,0,0,weekday
1205,20.04.00,0,0,0,0,weekday
1206,20.05.00,0,0,0,0,weekday
1207,20.06.00,0,0,0,0,weekday
1208,20.07.00,0,0,0,0,weekday
1209,20.08.00,0,0,0,0,weekday
1210,20.09.00,0,0,0,0,weekday
1211,20.10.00,0,0,0,0,weekday
1212,20.11.00,0,0,0,0,weekday
1213,20.12.00,0,0,0,0,weekday
1214,20.13.00,0,0,0,0,weekday
1215,20.14.00,0,0,0,0,weekday
1216,20.15.00,14,47.93720916576714,"1.3596, 103.98864","1.35996, 103.9884",weekday
1217,20.16.00,0,0,0,0,weekday
1218,20.17.00,17,98.11787076529872,"1.36045, 103.98846","1.36126, 103.98882",weekday
1219,20.18.00,22,205.67232787472244,"1.3594, 103.98881","1.36126, 103.98882",weekday
1220,20.19.00,14,65.93721158302903,"1.3594, 103.98881","1.35992, 103.98852",weekday
1221,20.20.00,12,47.66427980033562,"1.36108, 103.98877","1.36151, 103.9888",weekday
1222,20.21.00,0,0,0,0,weekday
1223,20.22.00,0,0,0,0,weekday
1224,20.23.00,0,0,0,0,weekday
1225,20.24.00,0,0,0,0,weekday
1226,20.25.00,0,0,0,0,weekday
1227,20.26.00,0,0,0,0,weekday
1228,20.27.00,7,29.938076058214133,"1.35975, 103.98832","1.36002, 103.98834",weekday
1229,20.28.00,0,0,0,0,weekday
1230,20.29.00,8,25.65043412505569,"1.3598, 103.98839","1.36003, 103.98836",weekday
1231,20.30.00,0,0,0,0,weekday
1232,20.31.00,0,0,0,0,weekday
1233,20.32.00,8,20.799502587068144,"1.36118, 103.98881","1.36135, 103.98889",weekday
1234,20.33.00,0,0,0,0,weekday
1235,20.34.00,8,36.91154579872018,"1.36058, 103.98863","1.36091, 103.98858",weekday
1236,20.35.00,0,0,0,0,weekday
1237,20.36.00,0,0,0,0,weekday
1238,20.37.00,9,53.61031943847086,"1.35957796666667, 103.988663883333","1.35999, 103.98841",weekday
1239,20.38.00,11,69.05131053270195,"1.35958396666667, 103.988723883333","1.36004, 103.9883",weekday
1240,20.39.00,16,60.93582723480197,"1.36084, 103.9888","1.36137, 103.98895",weekday
1241,20.40.00,8,19.798265171603926,"1.361223, 103.988936833333","1.3614, 103.98891",weekday
1242,20.41.00,14,155.1285421425484,"1.35954, 103.98866","1.36094, 103.98857",weekday
1243,20.42.00,8,46.66935502371699,"1.36097, 103.98876","1.36138181666667, 103.988851833333",weekday
1244,20.43.00,8,33.67613385729209,"1.36113, 103.9888","1.3614, 103.98894",weekday
1245,20.44.00,0,0,0,0,weekday
1246,20.45.00,8,31.000845385089292,"1.3598, 103.98858","1.360074, 103.988521",weekday
1247,20.46.00,8,26.881751527151664,"1.35984866666667, 103.988430333333","1.360074, 103.988521",weekday
1248,20.47.00,15,158.18475786803288,"1.35969, 103.98877","1.36112, 103.98873",weekday
1249,20.48.00,14,71.16155021065366,"1.35955, 103.98879","1.36006, 103.9884",weekday
1250,20.49.00,19,92.33924231923358,"1.35932961666667, 103.988783783333","1.36007, 103.9884",weekday
1251,20.50.00,0,0,0,0,weekday
1252,20.51.00,0,0,0,0,weekday
1253,20.52.00,0,0,0,0,weekday
1254,20.53.00,0,0,0,0,weekday
1255,20.54.00,0,0,0,0,weekday
1256,20.55.00,0,0,0,0,weekday
1257,20.56.00,16,113.38761381854643,"1.36047, 103.98849","1.36139, 103.98894",weekday
1258,20.57.00,8,34.602476201077074,"1.3611, 103.988823166667","1.36139, 103.98894",weekday
1259,20.58.00,12,49.788882270064725,"1.35958, 103.98864","1.35996, 103.9884",weekday
1260,20.59.00,11,39.47176905227598,"1.35957, 103.98877","1.35985, 103.98855",weekday
1261,21.00.00,10,56.04622033302276,"1.35947, 103.98877","1.35991, 103.98852",weekday
1262,21.01.00,7,23.720511648492565,"1.36117, 103.98877","1.36134, 103.9889",weekday
1263,21.02.00,15,197.1079705463019,"1.35954, 103.98873","1.36131, 103.98894",weekday
1264,21.03.00,8,34.416007162434525,"1.35978, 103.98827","1.36004, 103.98844",weekday
1265,21.04.00,7,18.83064763397642,"1.36127, 103.98888","1.36144, 103.98889",weekday
1266,21.05.00,8,25.543383881132765,"1.36118, 103.9889","1.3614, 103.98883",weekday
1267,21.06.00,7,21.009231488150014,"1.36129, 103.98895","1.36148, 103.98895",weekday
1268,21.07.00,0,0,0,0,weekday
1269,21.08.00,14,109.01985556444741,"1.36053, 103.98855","1.36143, 103.98895",weekday
1270,21.09.00,10,36.50668450203742,"1.36106, 103.98893","1.36139, 103.98894",weekday
1271,21.10.00,13,56.60690663504166,"1.36091, 103.98863","1.36135, 103.98889",weekday
1272,21.11.00,18,179.53614883608103,"1.35992, 103.98825","1.36145, 103.98879",weekday
1273,21.12.00,23,114.97575515209762,"1.36042, 103.9885","1.36137, 103.98892",weekday
1274,21.13.00,7,14.444074697016664,"1.36118, 103.98885","1.36129, 103.98892",weekday
1275,21.14.00,8,15.414142168367224,"1.36119, 103.98894","1.36132, 103.98889",weekday
1276,21.15.00,0,0,0,0,weekday
1277,21.16.00,7,30.096458682169732,"1.361, 103.98876","1.36126, 103.98868",weekday
1278,21.17.00,14,76.96528501254016,"1.36077016666667, 103.988659833333","1.36143, 103.98888",weekday
1279,21.18.00,9,25.65043416846135,"1.3612, 103.98891","1.36143, 103.98888",weekday
1280,21.19.00,7,21.73362629735744,"1.36119, 103.98891","1.36138, 103.98886",weekday
1281,21.20.00,14,51.16791475320414,"1.36097, 103.9888","1.36143, 103.98885",weekday
1282,21.21.00,10,48.3234343363759,"1.36101, 103.98873","1.36143, 103.98885",weekday
1283,21.22.00,10,64.97521498552733,"1.36087, 103.98863","1.36138, 103.98892",weekday
1284,21.23.00,9,35.35918991267734,"1.3611, 103.98873","1.3614, 103.98884",weekday
1285,21.24.00,8,38.14905411375823,"1.36108, 103.98883","1.36141, 103.98893",weekday
1286,21.25.00,0,0,0,0,weekday
1287,21.26.00,0,0,0,0,weekday
1288,21.27.00,7,40.055094320869884,"1.3607, 103.98868","1.36106, 103.98864",weekday
1289,21.28.00,16,224.6021899565082,"1.35949, 103.98873","1.36152, 103.9888",weekday
1290,21.29.00,7,29.913958105171467,"1.35981623333333, 103.988279733333","1.36008, 103.98822",weekday
1291,21.30.00,9,48.832241617762236,"1.36097, 103.9889","1.3614, 103.9888",weekday
1292,21.31.00,7,44.43601522018147,"1.35981, 103.98861","1.35997953333333, 103.988247983333",weekday
1293,21.32.00,16,449.63093541062227,"1.35742, 103.98823","1.36143, 103.9889",weekday
1294,21.33.00,7,21.126803828939813,"1.36126, 103.98889","1.36145, 103.98891",weekday
1295,21.34.00,0,0,0,0,weekday
1296,21.35.00,0,0,0,0,weekday
1297,21.36.00,9,39.25312241474021,"1.35961, 103.98859","1.35994, 103.98846",weekday
1298,21.37.00,10,26.537976286458683,"1.35977, 103.98841","1.36001, 103.98841",weekday
1299,21.38.00,16,73.17893365293483,"1.36078, 103.98854","1.3614, 103.98877",weekday
1300,21.39.00,10,27.733185877676917,"1.36116, 103.98884","1.36141, 103.98886",weekday
1301,21.40.00,8,12.378642707230409,"1.36125, 103.9889","1.36135, 103.98885",weekday
1302,21.41.00,0,0,0,0,weekday
1303,21.42.00,14,133.87928560955058,"1.35982, 103.98846","1.36102, 103.98862",weekday
1304,21.43.00,14,277.6857629921035,"1.35896, 103.98895","1.36147, 103.98887",weekday
1305,21.44.00,17,197.54826558186957,"1.35904, 103.98892","1.36076, 103.98844",weekday
1306,21.45.00,20,237.21308242787734,"1.35929566666667, 103.988873","1.36144, 103.98881",weekday
1307,21.46.00,26,218.17626408938185,"1.35947, 103.9887","1.36144, 103.98881",weekday
1308,21.47.00,34,208.35330402287659,"1.35956, 103.98868","1.36143, 103.98891",weekday
1309,21.48.00,22,227.21336249559056,"1.35938, 103.98877","1.36143, 103.98891",weekday
1310,21.49.00,9,49.418953332784184,"1.35975, 103.98848","1.36007, 103.98817",weekday
1311,21.50.00,18,201.76568028346193,"1.35944, 103.98873","1.36126, 103.98886",weekday
1312,21.51.00,8,24.730420321362104,"1.36123, 103.98886","1.36145, 103.9889",weekday
1313,21.52.00,10,32.699845634545504,"1.36113, 103.9888","1.36139, 103.98894",weekday
1314,21.53.00,12,43.82219256812334,"1.36099, 103.98876","1.36138, 103.98883",weekday
1315,21.54.00,15,95.27969209891668,"1.36055, 103.9886","1.36138, 103.98883",weekday
1316,21.55.00,0,0,0,0,weekday
1317,21.56.00,7,15.710252174987057,"1.3612035, 103.988870833333","1.36134, 103.98891",weekday
1318,21.57.00,12,70.0969297732414,"1.359219, 103.988908833333","1.35974, 103.98855",weekday
1319,21.58.00,8,48.63116335650289,"1.35926, 103.98889","1.35964, 103.98867",weekday
1320,21.59.00,17,99.53436869622985,"1.36059, 103.9885","1.36139, 103.98891",weekday
1321,22.00.00,25,100.1203077196239,"1.36075, 103.98863","1.3616, 103.98894",weekday
1322,22.01.00,10,37.09280327934826,"1.36128, 103.98884","1.3616, 103.98894",weekday
1323,22.02.00,7,19.948460533567772,"1.36118, 103.98889","1.36135, 103.98895",weekday
1324,22.03.00,9,21.126803829724604,"1.36127, 103.9889","1.36146, 103.98888",weekday
1325,22.04.00,14,64.03035557486272,"1.36087, 103.98872","1.36142, 103.9889",weekday
1326,22.05.00,7,13.526085585998826,"1.36126, 103.9889","1.36136, 103.98883",weekday
1327,22.06.00,11,28.835504588503944,"1.36113, 103.98888","1.36139, 103.98886",weekday
1328,22.07.00,16,28.835504588503944,"1.36113, 103.98888","1.36139, 103.98886",weekday
1329,22.08.00,19,182.7246059210063,"1.35976, 103.98859","1.36139, 103.98886",weekday
1330,22.09.00,16,176.35856619284365,"1.35982, 103.98841","1.36134, 103.98889",weekday
1331,22.10.00,22,94.43229398791566,"1.35937, 103.9888","1.36006, 103.9883",weekday
1332,22.11.00,27,74.86580790512579,"1.35952, 103.98879","1.36011, 103.98846",weekday
1333,22.12.00,34,210.51633035936874,"1.35943, 103.9888","1.36133, 103.98892",weekday
1334,22.13.00,8,16.586235188052612,"1.35988, 103.98837","1.36003, 103.98837",weekday
1335,22.14.00,13,38.95638896231857,"1.36113, 103.9889","1.36148, 103.98886",weekday
1336,22.15.00,8,22.804277401306546,"1.36116, 103.98895","1.36136, 103.9889",weekday
1337,22.16.00,14,51.95433725320394,"1.35962, 103.98866","1.35998, 103.98836",weekday
1338,22.17.00,7,23.327158238232112,"1.36102, 103.98893","1.36123, 103.98891",weekday
1339,22.18.00,17,107.89899678128485,"1.36048, 103.9886","1.36139, 103.98895",weekday
1340,22.19.00,7,30.444235325840005,"1.36104, 103.98881","1.3613, 103.9889",weekday
1341,22.20.00,9,27.66611778237965,"1.36106, 103.98895","1.36131, 103.98894",weekday
1342,22.21.00,16,190.72772152203336,"1.35976, 103.98861","1.36146, 103.9889",weekday
1343,22.22.00,7,15.386780470211054,"1.35993, 103.98827","1.36005, 103.9882",weekday
1344,22.23.00,8,27.76056825435783,"1.35974, 103.98855","1.35997, 103.98845",weekday
1345,22.24.00,7,33.94297368826981,"1.36113, 103.98885","1.36142, 103.98875",weekday
1346,22.25.00,9,26.722042100036546,"1.361186, 103.988925666667","1.36137, 103.98877",weekday
1347,22.26.00,12,82.3646475030413,"1.35495533333333, 103.9878385","1.35564, 103.98813",weekday
1348,22.27.00,0,0,0,0,weekday
1349,22.28.00,11,17.831442585915088,"1.36121, 103.98884","1.36137, 103.98886",weekday
1350,22.29.00,12,40.92784711615032,"1.36115, 103.98882","1.36152, 103.98881",weekday
1351,22.30.00,8,35.5411285973743,"1.36118, 103.98892","1.3615, 103.98889",weekday
1352,22.31.00,22,103.09938543690494,"1.36051366666667, 103.9885725","1.36142, 103.98879",weekday
1353,22.32.00,24,102.87418795768986,"1.36054, 103.98849","1.36142, 103.98879",weekday
1354,22.33.00,21,87.47369769944201,"1.36078, 103.98862","1.36153, 103.98887",weekday
1355,22.34.00,24,84.46611850922255,"1.3605, 103.98855","1.36121, 103.98883",weekday
1356,22.35.00,29,776.0417999942895,"1.35459, 103.9877","1.3615, 103.98892",weekday
1357,22.36.00,23,107.69973770828116,"1.36048, 103.98853","1.36138, 103.9889",weekday
1358,22.37.00,22,84.7986087902457,"1.36047, 103.98855","1.36121, 103.98875",weekday
1359,22.38.00,23,80.35432649180034,"1.3605, 103.98852","1.36119126666667, 103.9887427",weekday
1360,22.39.00,23,78.1074778012685,"1.36051, 103.98854","1.36119, 103.98873",weekday
1361,22.40.00,26,129.93088157815205,"1.36046, 103.98839","1.36154, 103.98885",weekday
1362,22.41.00,40,745.0519646031688,"1.3547, 103.98773","1.36133381666667, 103.98890265",weekday
1363,22.42.00,39,739.6760809637514,"1.35467, 103.9877","1.36124, 103.98895",weekday
1364,22.43.00,31,176.5734323038654,"1.35971, 103.98861","1.36129, 103.98884",weekday
1365,22.44.00,31,171.70746801317665,"1.35982, 103.98839","1.36133, 103.98875",weekday
1366,22.45.00,36,177.18592872183032,"1.35978, 103.9885","1.36132, 103.98894",weekday
1367,22.46.00,40,111.12190233538918,"1.36049, 103.98853","1.361432, 103.988877833333",weekday
1368,22.47.00,32,111.7549070583407,"1.36049, 103.98853","1.361442, 103.988867166667",weekday
1369,22.48.00,35,170.95810027321548,"1.35977, 103.98854","1.36126, 103.98895",weekday
1370,22.49.00,40,180.9110888091492,"1.35982, 103.98843","1.36138, 103.98892",weekday
1371,22.50.00,43,186.51436925581496,"1.3596, 103.98871","1.36128, 103.98886",weekday
1372,22.51.00,36,184.1660254239836,"1.35976, 103.98861","1.36139, 103.98895",weekday
1373,22.52.00,45,192.58509794654577,"1.35963, 103.98868","1.36136, 103.98888",weekday
1374,22.53.00,36,461.2316164482582,"1.35721, 103.98883","1.36138, 103.98893",weekday
1375,22.54.00,29,87.96014025109179,"1.3606, 103.98861","1.36134, 103.9889",weekday
1376,22.55.00,37,717.4440652748947,"1.355, 103.98783","1.3614, 103.98889",weekday
1377,22.56.00,30,734.9010112627507,"1.35507, 103.98786","1.36163, 103.98892",weekday
1378,22.57.00,41,744.9772854212049,"1.35468, 103.9877","1.36131, 103.98889",weekday
1379,22.58.00,49,601.6824788836519,"1.35605, 103.98827","1.36146, 103.98885",weekday
1380,22.59.00,50,707.7133957544647,"1.35509, 103.98792","1.36142, 103.98886",weekday
1381,23.00.00,67,690.2207137828487,"1.3551, 103.98792","1.36127, 103.98886",weekday
1382,23.01.00,57,777.6664650401983,"1.3546, 103.98773","1.36155, 103.9888",weekday
1383,23.02.00,48,588.7400715689281,"1.35616, 103.9883","1.36145, 103.9889",weekday
1384,23.03.00,58,608.7675675279808,"1.35606, 103.98828","1.36153, 103.9889",weekday
1385,23.04.00,49,215.0803703783269,"1.35951, 103.98876","1.36145, 103.9889",weekday
1386,23.05.00,31,211.77199850961446,"1.35953, 103.98868","1.36143666666667, 103.988859333333",weekday
1387,23.06.00,42,189.57428301790657,"1.35968025, 103.988637466667","1.36138, 103.98886",weekday
1388,23.07.00,36,207.7774462299861,"1.3598, 103.98822","1.36155, 103.9889",weekday
1389,23.08.00,46,729.6578455153838,"1.35484, 103.98778","1.36136, 103.98879",weekday
1390,23.09.00,44,399.8378899586284,"1.35781, 103.9885","1.3614, 103.98893",weekday
1391,23.10.00,24,529.0421374600016,"1.35673, 103.988","1.36142, 103.98894",weekday
1392,23.11.00,41,660.3337961271525,"1.35556, 103.98812","1.36148, 103.9889",weekday
1393,23.12.00,35,239.95785944298657,"1.35926, 103.9889","1.36143, 103.98892",weekday
1394,23.13.00,22,193.43580652865663,"1.35974, 103.98849","1.36144, 103.9889",weekday
1395,23.14.00,26,88.59296340302917,"1.36062, 103.98861","1.36139, 103.98883",weekday
1396,23.15.00,35,190.5141526352937,"1.35966, 103.98878","1.36138, 103.98888",weekday
1397,23.16.00,39,212.39060989522366,"1.35968, 103.98866","1.36158, 103.98894",weekday
1398,23.17.00,23,102.33017774382358,"1.36039, 103.98841","1.36118381666667, 103.98888265",weekday
1399,23.18.00,38,184.8745840406124,"1.35949, 103.98877","1.36116, 103.98885",weekday
1400,23.19.00,34,231.29527501963702,"1.35913, 103.98895","1.36121, 103.98873",weekday
1401,23.20.00,41,188.3064752358969,"1.35965, 103.9887","1.36135, 103.9888",weekday
1402,23.21.00,37,215.72442398550717,"1.35945, 103.9888","1.3614, 103.98886",weekday
1403,23.22.00,48,407.02483023015793,"1.35778, 103.9885","1.36144, 103.98889",weekday
1404,23.23.00,44,514.745181102812,"1.35664, 103.98797","1.36124, 103.98868",weekday
1405,23.24.00,48,501.8343722312204,"1.35711, 103.98816","1.36158, 103.98894",weekday
1406,23.25.00,45,223.72461170933954,"1.35947, 103.98868","1.36148, 103.98891",weekday
1407,23.26.00,36,387.53023637349617,"1.35791, 103.98866","1.36141, 103.98884",weekday
1408,23.27.00,39,418.5222357745981,"1.35763, 103.98841","1.36138, 103.98892",weekday
1409,23.28.00,41,387.8671519032806,"1.35789, 103.98857","1.36138, 103.98892",weekday
1410,23.29.00,22,125.1820584443295,"1.36033, 103.98837","1.3613, 103.98895",weekday
1411,23.30.00,35,211.30359154126165,"1.35945, 103.98875","1.36136, 103.98881",weekday
1412,23.31.00,23,155.977918016199,"1.3602, 103.98832","1.36147, 103.98893",weekday
1413,23.32.00,25,95.64478325013178,"1.36046, 103.98854","1.36125, 103.98889",weekday
1414,23.33.00,15,77.4705690392229,"1.36078958333333, 103.988626283333","1.36142, 103.98893",weekday
1415,23.34.00,17,149.07144991508378,"1.3602, 103.98836","1.36142, 103.98893",weekday
1416,23.35.00,0,0,0,0,weekday
1417,23.36.00,29,191.85186054229345,"1.35983, 103.98819","1.36142, 103.98888",weekday
1418,23.37.00,25,188.73550680985292,"1.35972, 103.98843","1.36136, 103.9889",weekday
1419,23.38.00,27,104.64219978751788,"1.36047, 103.98857","1.36134, 103.98894",weekday
1420,23.39.00,19,220.14534308918675,"1.3593, 103.98885","1.36129, 103.98891",weekday
1421,23.40.00,26,102.76244912206145,"1.36047, 103.98855","1.36133, 103.9889",weekday
1422,23.41.00,11,43.0779877800301,"1.36092, 103.98868","1.36127, 103.98885",weekday
1423,23.42.00,12,32.87276892261774,"1.36108, 103.9889","1.3613762, 103.988925266667",weekday
1424,23.43.00,8,31.82918852078149,"1.35945133333333, 103.988802666667","1.35972, 103.9887",weekday
1425,23.44.00,21,94.57691644862228,"1.36066, 103.98843","1.36143, 103.9888",weekday
1426,23.45.00,17,130.73733297452966,"1.36032, 103.98845","1.361386, 103.988958166667",weekday
1427,23.46.00,22,111.13189351193394,"1.36046, 103.98857","1.361386, 103.988958166667",weekday
1428,23.47.00,21,100.04855232285051,"1.36045, 103.98848","1.36127, 103.98886",weekday
1429,23.48.00,21,75.64047754310276,"1.36071, 103.98866","1.36135, 103.9889",weekday
1430,23.49.00,11,40.00749917494946,"1.36104, 103.9887","1.3613, 103.98895",weekday
1431,23.50.00,22,77.3534045815515,"1.36068486666667, 103.988618983333","1.3613, 103.98895",weekday
1432,23.51.00,31,177.91461850354167,"1.35987, 103.98819","1.36134, 103.98884",weekday
1433,23.52.00,30,202.5019684166223,"1.35951, 103.98877","1.36134, 103.98884",weekday
1434,23.53.00,17,113.85844455865333,"1.36044, 103.98853","1.3614, 103.9889",weekday
1435,23.54.00,18,203.56736088739362,"1.35941, 103.9888","1.36125, 103.98886",weekday
1436,23.55.00,25,218.38903448824462,"1.35946, 103.98877","1.36143, 103.98891",weekday
1437,23.56.00,14,76.88285624746106,"1.36079, 103.98864","1.36143, 103.98891",weekday
1438,23.57.00,9,36.10681636842104,"1.36113, 103.98868","1.36137, 103.9889",weekday
1439,23.58.00,7,49.42905312591768,"1.36031, 103.98837","1.36066416666667, 103.988641",weekday
1440,23.59.00,8,27.999851784166857,"1.36044, 103.98849","1.36069, 103.98845",weekday
